0 1
0 3
0 5
0 9
0 10
0 16
0 18
0 19
0 23
0 2
0 3
0 4
0 11
0 20
0 25
0 26
0 29
1 0
1 4
1 9
1 13
1 24
1 25
1 2
1 5
1 9
1 10
1 13
1 14
1 16
1 18
1 20
1 28
1 29
2 0
2 1
2 5
2 7
2 13
2 14
2 15
2 19
2 21
2 22
2 28
2 4
2 5
2 10
2 12
2 14
2 17
2 18
2 20
2 24
2 27
3 0
3 0
3 5
3 6
3 10
3 13
3 15
3 18
3 19
3 21
3 24
3 26
3 4
3 6
3 10
3 19
3 22
3 25
4 1
4 0
4 2
4 3
4 7
4 9
4 10
4 11
4 12
4 20
4 24
4 27
4 7
4 11
4 13
4 19
4 21
4 24
4 26
4 29
5 0
5 2
5 3
5 1
5 2
5 6
5 18
5 24
5 13
5 14
5 20
5 22
5 26
6 3
6 5
6 3
6 12
6 15
6 17
6 20
6 24
6 25
6 27
6 28
6 12
6 13
6 15
6 21
6 29
7 2
7 4
7 4
7 8
7 9
7 12
7 13
7 15
7 17
7 19
7 20
7 27
7 9
7 11
7 16
7 25
8 7
8 12
8 14
8 17
8 18
8 25
8 27
8 16
8 22
8 23
8 25
9 0
9 1
9 4
9 7
9 1
9 7
9 11
9 23
9 24
9 25
9 26
9 27
9 28
9 10
9 11
9 13
9 14
9 16
9 17
9 24
9 28
10 0
10 3
10 4
10 1
10 2
10 3
10 9
10 12
10 13
10 15
10 19
10 28
10 21
10 23
10 27
10 28
11 4
11 9
11 0
11 4
11 7
11 9
11 21
11 22
11 27
11 12
11 16
11 23
11 24
11 25
11 26
12 4
12 6
12 7
12 8
12 10
12 2
12 6
12 11
12 13
12 16
12 19
12 22
12 23
12 28
12 16
12 19
12 20
12 21
12 23
12 24
12 27
13 1
13 2
13 3
13 7
13 10
13 12
13 1
13 4
13 5
13 6
13 9
13 25
13 27
13 17
13 24
13 27
14 2
14 8
14 1
14 2
14 5
14 9
14 18
14 25
14 28
14 16
14 19
14 20
14 22
14 25
14 29
15 2
15 3
15 6
15 7
15 10
15 6
15 18
15 21
15 29
15 21
15 22
15 25
15 26
15 28
16 0
16 12
16 1
16 7
16 8
16 9
16 11
16 12
16 14
16 22
16 23
16 20
16 21
16 26
17 6
17 7
17 8
17 2
17 9
17 13
17 20
17 21
17 22
17 24
17 25
17 27
17 19
17 22
17 23
18 0
18 3
18 5
18 8
18 14
18 15
18 1
18 2
18 19
18 20
18 24
18 29
18 22
18 23
18 24
18 25
18 27
18 29
19 0
19 2
19 3
19 7
19 10
19 12
19 18
19 3
19 4
19 12
19 14
19 17
19 22
19 23
19 24
19 25
19 28
19 29
19 23
19 24
19 25
19 26
19 27
19 28
19 29
20 4
20 6
20 7
20 17
20 18
20 0
20 1
20 2
20 5
20 12
20 14
20 16
20 22
20 25
20 26
20 26
20 27
20 28
20 29
21 2
21 3
21 11
21 15
21 17
21 4
21 6
21 10
21 12
21 15
21 16
21 28
21 25
21 26
22 2
22 11
22 12
22 16
22 17
22 19
22 20
22 3
22 5
22 8
22 14
22 15
22 17
22 18
22 23
22 23
22 24
23 0
23 9
23 12
23 16
23 19
23 22
23 8
23 10
23 11
23 12
23 17
23 18
23 19
23 22
23 24
23 27
23 28
24 1
24 3
24 4
24 5
24 6
24 9
24 17
24 18
24 19
24 23
24 2
24 4
24 9
24 11
24 12
24 13
24 18
24 19
24 22
24 27
25 1
25 6
25 8
25 9
25 13
25 14
25 17
25 19
25 20
25 0
25 3
25 7
25 8
25 11
25 14
25 15
25 18
25 19
25 21
25 29
25 27
26 3
26 9
26 20
26 0
26 4
26 5
26 11
26 15
26 16
26 19
26 20
26 21
26 28
27 4
27 6
27 7
27 8
27 9
27 11
27 13
27 17
27 23
27 24
27 2
27 10
27 12
27 13
27 18
27 19
27 20
27 25
28 2
28 6
28 9
28 10
28 12
28 14
28 19
28 21
28 23
28 26
28 1
28 9
28 10
28 15
28 19
28 20
29 15
29 18
29 19
29 25
29 0
29 1
29 4
29 6
29 14
29 18
29 19
29 20
