0 14
0 22
0 48
0 2
0 12
0 16
0 26
1 4
1 6
1 9
1 23
1 25
1 29
1 39
1 40
1 41
1 8
1 16
1 24
1 40
2 0
2 20
2 35
2 9
2 11
2 35
3 15
3 27
3 29
3 9
3 21
3 28
3 41
4 1
4 35
4 46
4 8
4 38
4 47
5 10
5 11
5 22
5 30
5 28
5 29
5 37
5 38
6 1
6 8
6 10
6 22
6 36
6 37
6 38
6 40
6 42
6 7
6 30
6 43
7 6
7 14
7 27
7 29
7 40
7 41
7 15
7 17
7 22
7 33
7 36
7 37
8 6
8 1
8 4
8 13
8 18
8 39
8 49
8 21
8 23
8 29
8 40
9 1
9 2
9 3
9 35
9 46
9 34
9 35
9 42
10 5
10 6
10 12
10 13
10 21
10 47
10 18
10 26
10 30
10 37
11 5
11 2
11 14
11 23
11 28
11 35
11 49
11 12
11 32
11 44
11 45
12 10
12 0
12 11
12 13
12 29
12 32
12 26
12 38
13 8
13 10
13 12
13 14
13 40
13 14
13 16
13 19
13 36
13 45
14 0
14 7
14 11
14 13
14 13
14 18
14 20
14 22
14 29
14 32
14 30
14 31
14 32
15 3
15 7
15 23
15 25
15 47
15 21
15 24
15 26
15 40
16 0
16 1
16 13
16 19
16 20
16 21
16 28
16 32
16 35
16 48
16 23
16 26
16 40
16 41
17 7
17 23
17 33
17 21
17 30
17 34
17 46
18 8
18 14
18 10
18 28
18 30
18 25
18 29
18 33
18 36
19 16
19 13
19 32
19 25
19 33
19 35
19 40
19 44
19 47
20 2
20 14
20 16
20 26
20 45
21 10
21 16
21 3
21 8
21 15
21 17
21 32
21 35
21 25
21 40
21 46
22 0
22 5
22 6
22 14
22 7
22 26
22 35
23 1
23 11
23 15
23 17
23 8
23 16
23 25
23 36
23 41
23 25
23 26
23 29
23 30
23 48
24 1
24 15
24 38
24 41
24 48
24 49
25 1
25 15
25 23
25 18
25 19
25 21
25 23
25 33
25 42
25 43
25 46
25 27
26 20
26 22
26 0
26 10
26 12
26 15
26 16
26 23
26 49
26 29
26 33
27 3
27 7
27 25
27 31
27 46
28 11
28 16
28 18
28 3
28 5
28 41
28 47
28 49
28 31
28 41
29 1
29 3
29 7
29 12
29 14
29 5
29 8
29 18
29 23
29 26
29 41
29 47
29 36
29 42
30 5
30 18
30 6
30 10
30 14
30 17
30 23
30 34
30 40
30 48
30 32
30 42
30 46
31 27
31 14
31 28
31 47
31 38
32 12
32 14
32 16
32 19
32 21
32 11
32 14
32 30
32 41
32 42
32 44
32 45
32 46
32 47
33 17
33 25
33 7
33 18
33 19
33 26
33 35
33 36
34 30
34 9
34 17
34 43
34 49
35 2
35 4
35 9
35 11
35 16
35 21
35 22
35 33
35 2
35 9
35 19
35 38
35 41
35 36
35 42
36 6
36 23
36 7
36 13
36 18
36 29
36 33
36 35
36 37
37 6
37 36
37 5
37 7
37 10
37 44
38 6
38 24
38 35
38 4
38 5
38 12
38 31
38 49
39 1
39 8
39 45
39 48
39 41
39 47
40 1
40 6
40 7
40 13
40 30
40 1
40 8
40 15
40 16
40 19
40 21
41 1
41 7
41 23
41 24
41 28
41 29
41 32
41 35
41 3
41 16
41 28
41 39
42 6
42 25
42 32
42 9
42 29
42 30
42 35
43 25
43 34
43 6
43 44
43 47
43 45
44 32
44 43
44 11
44 19
44 37
44 48
45 32
45 39
45 11
45 13
45 20
45 43
45 47
45 48
46 4
46 9
46 25
46 32
46 17
46 21
46 27
46 30
46 47
47 10
47 15
47 28
47 29
47 31
47 43
47 46
47 4
47 19
47 32
47 39
47 45
48 0
48 16
48 30
48 39
48 44
48 23
48 24
48 45
49 8
49 11
49 26
49 28
49 34
49 24
49 38
