0 5
0 7
0 30
0 36
0 38
0 42
0 48
0 3
0 9
0 10
0 22
0 33
0 40
1 6
1 10
1 14
1 15
1 20
1 25
1 36
1 46
1 48
1 4
1 5
1 9
1 13
1 15
1 18
1 21
1 49
2 5
2 6
2 8
2 10
2 27
2 29
2 31
2 37
2 48
2 6
2 18
2 20
2 42
2 48
3 0
3 5
3 6
3 11
3 12
3 16
3 22
3 24
3 25
3 27
3 29
3 33
3 35
3 37
3 42
3 43
3 12
3 13
3 16
3 23
3 26
3 27
3 35
3 38
4 1
4 8
4 9
4 20
4 22
4 25
4 29
4 31
4 35
4 42
4 44
4 5
4 13
4 14
4 17
4 23
4 26
4 27
4 29
4 32
4 36
4 41
5 0
5 2
5 3
5 1
5 4
5 11
5 13
5 19
5 20
5 22
5 24
5 29
5 35
5 38
5 44
5 25
5 31
5 35
5 42
6 1
6 2
6 3
6 2
6 15
6 19
6 26
6 27
6 29
6 37
6 41
6 42
6 43
6 44
6 48
6 29
6 31
6 32
6 34
6 40
6 48
7 0
7 9
7 10
7 23
7 24
7 26
7 27
7 30
7 32
7 14
7 16
7 17
7 19
7 27
7 30
7 36
8 2
8 4
8 10
8 11
8 13
8 33
8 42
8 49
8 13
8 16
8 19
8 20
8 21
8 26
8 32
8 41
8 42
8 43
8 45
9 4
9 7
9 0
9 1
9 13
9 23
9 45
9 48
9 33
9 35
9 36
9 37
9 43
9 45
9 49
10 1
10 2
10 7
10 8
10 0
10 11
10 14
10 15
10 23
10 34
10 48
10 49
10 11
10 24
10 35
10 43
11 3
11 5
11 8
11 10
11 10
11 15
11 16
11 19
11 21
11 34
11 37
11 41
11 42
11 43
11 45
11 49
11 25
11 26
11 33
11 46
12 3
12 3
12 14
12 15
12 18
12 25
12 31
12 35
12 42
12 15
12 19
12 21
12 24
12 28
12 33
12 38
12 39
12 41
12 43
12 47
13 5
13 8
13 9
13 1
13 3
13 4
13 8
13 15
13 20
13 26
13 32
13 36
13 46
13 48
13 14
13 15
13 19
13 23
13 26
13 31
13 32
13 38
13 44
14 1
14 10
14 12
14 4
14 7
14 13
14 16
14 21
14 26
14 28
14 42
14 43
14 45
14 16
14 21
14 22
14 26
14 36
14 40
14 42
14 44
14 47
15 1
15 6
15 10
15 11
15 12
15 13
15 1
15 12
15 13
15 18
15 19
15 36
15 47
15 25
15 26
15 33
15 42
15 43
16 3
16 11
16 14
16 3
16 7
16 8
16 14
16 17
16 19
16 29
16 30
16 37
16 40
16 24
16 25
16 29
16 34
16 41
16 47
16 48
17 16
17 4
17 7
17 18
17 24
17 32
17 34
17 38
17 40
17 47
17 48
17 49
17 22
17 24
17 29
17 31
17 33
17 34
17 38
17 40
17 41
17 48
18 12
18 15
18 17
18 1
18 2
18 19
18 25
18 35
18 40
18 45
18 23
18 25
18 29
18 45
18 48
19 5
19 6
19 11
19 15
19 16
19 18
19 7
19 8
19 12
19 13
19 24
19 26
19 27
19 30
19 31
19 45
19 47
19 22
19 27
19 38
19 39
19 40
19 42
20 1
20 4
20 5
20 13
20 2
20 8
20 21
20 24
20 32
20 42
20 45
20 21
20 22
20 29
20 34
20 35
20 38
20 39
20 43
21 11
21 14
21 20
21 1
21 8
21 12
21 14
21 20
21 22
21 34
21 44
21 24
21 27
21 28
21 32
21 39
21 40
21 46
21 48
22 3
22 4
22 5
22 21
22 0
22 14
22 17
22 19
22 20
22 23
22 32
22 38
22 39
22 42
22 46
22 27
22 39
23 7
23 9
23 10
23 22
23 3
23 4
23 13
23 18
23 42
23 48
23 33
23 37
23 47
24 3
24 5
24 7
24 17
24 19
24 20
24 10
24 12
24 16
24 17
24 21
24 28
24 30
24 31
24 32
24 33
24 35
24 41
24 47
24 39
24 42
25 1
25 3
25 4
25 12
25 18
25 5
25 11
25 15
25 16
25 18
25 27
25 44
25 36
25 40
25 48
26 6
26 7
26 13
26 14
26 19
26 3
26 4
26 8
26 11
26 13
26 14
26 15
26 27
26 31
26 35
26 42
26 43
26 44
26 45
26 46
26 49
26 44
26 46
27 2
27 3
27 6
27 7
27 19
27 25
27 26
27 3
27 4
27 7
27 19
27 21
27 22
27 31
27 42
27 29
27 32
27 38
27 42
27 46
27 48
27 49
28 14
28 24
28 12
28 21
28 44
28 49
28 30
28 35
28 36
28 38
28 40
28 45
29 2
29 3
29 4
29 5
29 6
29 16
29 4
29 6
29 16
29 17
29 18
29 20
29 27
29 34
29 31
29 35
29 36
29 43
30 0
30 7
30 16
30 19
30 24
30 7
30 28
30 37
30 38
30 39
30 49
30 34
30 45
30 49
31 2
31 4
31 12
31 19
31 24
31 26
31 27
31 5
31 6
31 13
31 17
31 29
31 33
31 46
31 32
31 33
31 44
32 7
32 13
32 17
32 20
32 22
32 24
32 4
32 6
32 8
32 13
32 21
32 27
32 31
32 33
32 36
32 37
32 49
32 33
32 35
32 37
32 38
32 47
33 3
33 8
33 24
33 31
33 32
33 0
33 9
33 11
33 12
33 15
33 17
33 23
33 31
33 32
33 34
33 38
33 40
33 46
33 34
33 48
33 49
34 10
34 11
34 17
34 21
34 29
34 33
34 6
34 16
34 17
34 20
34 30
34 33
34 46
34 48
34 42
34 46
34 47
35 3
35 4
35 5
35 12
35 18
35 24
35 26
35 3
35 5
35 9
35 10
35 20
35 28
35 29
35 32
35 40
35 38
35 42
36 0
36 1
36 13
36 15
36 32
36 4
36 7
36 9
36 14
36 25
36 28
36 29
36 39
36 40
36 42
36 44
36 45
36 46
36 48
37 2
37 3
37 6
37 11
37 16
37 30
37 32
37 9
37 23
37 32
37 40
37 38
37 43
37 47
37 49
38 0
38 5
38 17
38 22
38 30
38 33
38 3
38 12
38 13
38 17
38 19
38 20
38 27
38 28
38 32
38 35
38 37
38 39
38 41
38 41
38 45
38 49
39 22
39 30
39 38
39 12
39 19
39 20
39 21
39 22
39 24
39 36
39 43
39 46
39 40
39 41
39 42
40 16
40 17
40 18
40 33
40 35
40 37
40 0
40 6
40 14
40 17
40 19
40 21
40 25
40 28
40 36
40 39
40 47
40 48
40 49
40 42
40 47
41 6
41 11
41 24
41 38
41 4
41 8
41 12
41 16
41 17
41 38
41 39
41 45
41 42
42 0
42 3
42 4
42 6
42 8
42 11
42 12
42 14
42 20
42 22
42 23
42 26
42 27
42 2
42 5
42 8
42 14
42 15
42 19
42 24
42 27
42 34
42 35
42 36
42 39
42 40
42 41
42 45
43 3
43 6
43 11
43 14
43 26
43 39
43 8
43 9
43 10
43 12
43 15
43 20
43 29
43 37
43 44
43 49
44 4
44 5
44 6
44 21
44 25
44 26
44 28
44 13
44 14
44 26
44 31
44 36
44 43
44 48
44 49
45 9
45 11
45 14
45 18
45 19
45 20
45 26
45 41
45 8
45 9
45 18
45 28
45 30
45 36
45 38
45 42
45 46
46 1
46 13
46 22
46 26
46 31
46 33
46 34
46 39
46 11
46 21
46 26
46 27
46 34
46 36
46 45
47 15
47 17
47 19
47 24
47 40
47 12
47 14
47 16
47 23
47 32
47 34
47 37
47 40
48 0
48 1
48 2
48 6
48 9
48 10
48 13
48 17
48 23
48 34
48 40
48 44
48 2
48 6
48 16
48 17
48 18
48 21
48 25
48 27
48 33
48 36
49 8
49 10
49 11
49 17
49 26
49 28
49 30
49 32
49 40
49 44
49 1
49 9
49 27
49 30
49 33
49 37
49 38
49 43
