0 1
0 2
0 3
0 4
0 8
0 9
0 11
0 13
0 15
0 23
0 37
0 38
0 40
0 41
0 46
0 48
0 3
0 4
0 5
0 8
0 10
0 11
0 17
0 19
0 20
0 24
0 28
0 30
0 32
0 33
0 37
0 38
0 40
0 45
0 47
0 49
1 0
1 6
1 10
1 12
1 13
1 15
1 23
1 29
1 39
1 42
1 47
1 48
1 5
1 6
1 14
1 15
1 16
1 25
1 31
1 32
1 35
1 36
1 46
1 48
2 0
2 6
2 14
2 24
2 26
2 28
2 31
2 32
2 36
2 37
2 42
2 45
2 46
2 4
2 5
2 6
2 17
2 18
2 19
2 20
2 22
2 24
2 29
2 38
2 41
3 0
3 0
3 5
3 8
3 9
3 10
3 18
3 28
3 31
3 32
3 34
3 35
3 37
3 39
3 42
3 45
3 46
3 47
3 49
3 4
3 5
3 6
3 10
3 11
3 12
3 14
3 16
3 18
3 20
3 24
3 26
3 29
3 30
3 35
3 36
3 37
3 38
3 40
3 43
3 46
3 48
4 0
4 0
4 2
4 3
4 5
4 11
4 12
4 17
4 21
4 23
4 27
4 28
4 30
4 36
4 38
4 40
4 45
4 46
4 7
4 9
4 10
4 11
4 12
4 15
4 16
4 18
4 24
4 29
4 33
4 34
4 42
4 44
4 46
4 47
4 48
4 49
5 3
5 4
5 0
5 1
5 2
5 3
5 10
5 15
5 16
5 17
5 18
5 20
5 24
5 28
5 34
5 39
5 43
5 49
5 7
5 13
5 18
5 21
5 25
5 26
5 27
5 31
5 34
5 38
5 41
5 44
5 45
6 1
6 2
6 1
6 2
6 3
6 17
6 25
6 26
6 28
6 39
6 40
6 41
6 42
6 46
6 47
6 49
6 10
6 11
6 13
6 14
6 19
6 21
6 27
6 38
6 40
6 46
7 4
7 5
7 8
7 9
7 16
7 17
7 19
7 20
7 23
7 29
7 33
7 35
7 38
7 41
7 49
7 12
7 14
7 15
7 18
7 19
7 20
7 21
7 26
7 27
7 29
7 30
7 31
7 34
7 35
7 36
7 40
7 41
7 42
7 43
8 0
8 3
8 7
8 0
8 9
8 18
8 21
8 26
8 28
8 29
8 31
8 33
8 35
8 37
8 39
8 47
8 13
8 25
8 27
8 29
8 33
8 36
8 38
8 39
8 45
8 46
9 0
9 3
9 7
9 8
9 4
9 13
9 19
9 20
9 22
9 23
9 25
9 32
9 35
9 40
9 11
9 12
9 20
9 22
9 26
9 27
9 34
9 37
9 40
9 43
10 1
10 3
10 5
10 0
10 3
10 4
10 6
10 13
10 15
10 17
10 19
10 23
10 25
10 32
10 33
10 15
10 17
10 18
10 28
10 35
10 37
10 38
10 42
10 45
10 46
10 47
11 0
11 4
11 0
11 3
11 4
11 6
11 9
11 14
11 17
11 26
11 27
11 31
11 34
11 37
11 40
11 43
11 45
11 46
11 12
11 14
11 20
11 24
11 26
11 30
11 37
11 46
11 49
12 1
12 4
12 3
12 4
12 7
12 9
12 11
12 17
12 25
12 26
12 28
12 30
12 34
12 43
12 44
12 45
12 47
12 48
12 14
12 15
12 29
12 30
12 38
12 40
12 41
12 42
12 44
12 45
12 48
13 0
13 1
13 9
13 10
13 5
13 6
13 8
13 22
13 29
13 32
13 35
13 36
13 37
13 42
13 43
13 46
13 15
13 16
13 21
13 24
13 28
13 29
13 30
13 33
13 35
13 41
13 43
13 45
13 46
13 48
13 49
14 2
14 11
14 1
14 3
14 6
14 7
14 11
14 12
14 18
14 19
14 20
14 21
14 22
14 24
14 25
14 32
14 33
14 38
14 39
14 41
14 19
14 20
14 25
14 31
14 32
14 33
14 35
14 38
14 49
15 0
15 1
15 5
15 10
15 1
15 4
15 7
15 10
15 12
15 13
15 24
15 26
15 35
15 38
15 41
15 43
15 48
15 49
15 23
15 24
15 29
15 31
15 38
15 45
15 47
15 48
16 5
16 7
16 1
16 3
16 4
16 13
16 20
16 22
16 28
16 32
16 33
16 34
16 35
16 37
16 40
16 42
16 43
16 45
16 47
16 49
16 26
16 27
16 29
16 31
16 36
16 42
16 43
17 4
17 5
17 6
17 7
17 10
17 11
17 12
17 0
17 2
17 10
17 18
17 20
17 25
17 28
17 30
17 31
17 33
17 36
17 37
17 19
17 23
17 25
17 27
17 28
17 40
17 42
17 44
17 45
17 47
17 49
18 3
18 5
18 8
18 14
18 17
18 2
18 3
18 4
18 5
18 7
18 10
18 23
18 28
18 29
18 33
18 37
18 41
18 42
18 44
18 19
18 22
18 27
18 28
18 34
18 35
18 36
18 46
19 7
19 9
19 10
19 14
19 0
19 2
19 6
19 7
19 14
19 17
19 18
19 21
19 24
19 27
19 28
19 29
19 35
19 36
19 37
19 42
19 43
19 44
19 21
19 22
19 26
19 28
19 31
19 35
19 36
19 37
19 38
19 39
19 40
19 41
19 42
19 48
19 49
20 5
20 7
20 9
20 14
20 16
20 17
20 0
20 2
20 3
20 7
20 9
20 11
20 14
20 23
20 29
20 31
20 32
20 34
20 36
20 39
20 43
20 47
20 48
20 24
20 39
20 40
20 41
20 43
20 44
21 4
21 8
21 14
21 19
21 5
21 6
21 7
21 13
21 19
21 23
21 24
21 25
21 26
21 29
21 33
21 34
21 37
21 43
21 44
21 45
21 49
21 23
21 29
21 38
21 39
21 44
22 9
22 13
22 14
22 16
22 2
22 9
22 18
22 19
22 29
22 35
22 36
22 41
22 42
22 48
22 49
22 23
22 25
22 28
22 30
22 35
22 40
22 44
23 0
23 1
23 4
23 7
23 9
23 10
23 18
23 20
23 21
23 15
23 17
23 21
23 22
23 29
23 31
23 34
23 35
23 41
23 42
23 46
23 47
23 25
23 35
23 37
23 39
23 40
23 45
23 47
24 2
24 5
24 14
24 15
24 19
24 21
24 0
24 2
24 3
24 4
24 11
24 13
24 15
24 20
24 29
24 34
24 36
24 37
24 40
24 46
24 28
24 48
25 6
25 9
25 10
25 12
25 14
25 17
25 21
25 1
25 5
25 8
25 14
25 17
25 22
25 23
25 26
25 30
25 31
25 33
25 34
25 36
25 37
25 38
25 39
25 40
25 41
25 47
25 48
25 29
25 30
25 31
25 32
25 38
25 41
25 43
25 45
26 2
26 6
26 8
26 11
26 12
26 15
26 21
26 25
26 3
26 5
26 7
26 9
26 11
26 16
26 19
26 28
26 29
26 30
26 34
26 35
26 37
26 42
26 43
26 44
26 45
26 47
26 31
26 34
26 35
26 47
26 48
26 49
27 4
27 11
27 19
27 5
27 6
27 7
27 8
27 9
27 16
27 17
27 18
27 31
27 32
27 34
27 41
27 46
27 31
27 32
27 34
27 38
27 40
27 41
27 45
27 47
27 48
27 49
28 2
28 3
28 4
28 5
28 6
28 8
28 12
28 16
28 17
28 18
28 19
28 26
28 0
28 10
28 13
28 17
28 18
28 19
28 22
28 24
28 29
28 36
28 39
28 43
28 44
28 30
28 37
28 38
28 42
29 1
29 7
29 8
29 13
29 18
29 19
29 20
29 21
29 22
29 23
29 24
29 26
29 28
29 2
29 3
29 4
29 7
29 8
29 12
29 13
29 15
29 16
29 21
29 25
29 31
29 32
29 35
29 39
29 43
29 45
29 48
29 37
29 38
29 42
30 4
30 12
30 17
30 25
30 26
30 0
30 3
30 7
30 11
30 12
30 13
30 22
30 25
30 28
30 33
30 37
30 41
30 42
30 43
30 32
30 33
30 37
30 41
30 44
30 46
30 47
31 2
31 3
31 8
31 11
31 17
31 20
31 23
31 25
31 27
31 29
31 1
31 5
31 7
31 14
31 15
31 16
31 19
31 25
31 26
31 27
31 36
31 40
31 42
31 44
31 40
31 46
31 49
32 2
32 3
32 9
32 10
32 13
32 14
32 16
32 20
32 27
32 29
32 0
32 1
32 14
32 25
32 27
32 30
32 39
32 42
32 46
32 38
32 47
33 7
33 8
33 10
33 14
33 16
33 17
33 18
33 21
33 25
33 30
33 0
33 4
33 8
33 13
33 14
33 30
33 35
33 37
33 42
33 45
33 48
33 49
33 42
33 44
33 47
33 48
33 49
34 3
34 5
34 11
34 12
34 16
34 20
34 21
34 23
34 24
34 25
34 26
34 27
34 4
34 5
34 7
34 9
34 18
34 26
34 27
34 39
34 48
34 35
34 36
34 41
34 47
35 3
35 7
35 8
35 9
35 13
35 15
35 16
35 19
35 22
35 23
35 26
35 29
35 33
35 1
35 3
35 7
35 10
35 13
35 14
35 18
35 19
35 22
35 23
35 26
35 34
35 36
35 37
35 44
35 45
35 47
35 37
35 38
35 42
35 48
36 2
36 4
36 13
36 17
36 19
36 20
36 22
36 24
36 25
36 28
36 31
36 35
36 1
36 3
36 7
36 8
36 16
36 18
36 19
36 34
36 43
36 39
36 44
36 46
36 47
36 48
37 0
37 2
37 3
37 8
37 11
37 13
37 16
37 17
37 18
37 19
37 21
37 24
37 25
37 26
37 30
37 33
37 35
37 0
37 3
37 9
37 10
37 11
37 19
37 23
37 28
37 29
37 30
37 35
37 39
37 48
37 40
37 43
37 49
38 0
38 4
38 7
38 14
38 15
38 25
38 0
38 2
38 3
38 5
38 6
38 8
38 10
38 12
38 14
38 15
38 19
38 21
38 25
38 27
38 28
38 29
38 32
38 35
38 41
38 47
38 49
38 39
38 41
38 45
39 1
39 3
39 5
39 6
39 8
39 14
39 20
39 25
39 28
39 29
39 32
39 34
39 37
39 8
39 19
39 20
39 21
39 23
39 36
39 38
39 40
39 41
39 44
39 46
39 48
39 40
39 43
39 45
39 46
40 0
40 4
40 6
40 9
40 11
40 16
40 24
40 25
40 31
40 39
40 0
40 3
40 6
40 7
40 9
40 12
40 17
40 19
40 20
40 22
40 23
40 27
40 31
40 37
40 39
40 46
40 49
40 41
40 44
40 45
40 49
41 0
41 6
41 7
41 14
41 15
41 18
41 22
41 23
41 25
41 27
41 30
41 38
41 39
41 2
41 5
41 7
41 12
41 13
41 19
41 20
41 25
41 27
41 30
41 34
41 38
41 40
41 42
41 44
41 49
41 42
41 49
42 1
42 2
42 3
42 6
42 13
42 16
42 18
42 19
42 22
42 23
42 26
42 30
42 31
42 32
42 33
42 41
42 4
42 7
42 10
42 12
42 16
42 17
42 19
42 28
42 29
42 33
42 35
42 41
42 47
42 48
42 49
43 5
43 11
43 12
43 13
43 15
43 16
43 19
43 20
43 21
43 26
43 28
43 29
43 30
43 36
43 3
43 7
43 9
43 13
43 16
43 20
43 25
43 37
43 39
43 45
43 46
43 49
44 12
44 18
44 19
44 21
44 26
44 28
44 31
44 35
44 39
44 41
44 4
44 5
44 12
44 17
44 20
44 21
44 22
44 30
44 33
44 36
44 40
44 45
44 47
44 46
44 49
45 2
45 3
45 4
45 11
45 12
45 16
45 21
45 26
45 29
45 33
45 35
45 43
45 44
45 0
45 5
45 8
45 10
45 12
45 13
45 15
45 17
45 23
45 25
45 27
45 38
45 39
45 40
46 0
46 2
46 3
46 4
46 6
46 11
46 13
46 23
46 24
46 27
46 32
46 39
46 40
46 1
46 3
46 4
46 6
46 8
46 10
46 11
46 13
46 18
46 30
46 31
46 36
46 39
46 43
46 44
46 47
46 48
46 48
46 49
47 1
47 3
47 6
47 8
47 12
47 16
47 20
47 23
47 25
47 26
47 35
47 38
47 44
47 46
47 0
47 4
47 10
47 15
47 17
47 23
47 26
47 27
47 30
47 32
47 33
47 34
47 36
47 42
48 0
48 1
48 12
48 15
48 20
48 22
48 25
48 29
48 33
48 34
48 37
48 39
48 46
48 1
48 3
48 4
48 12
48 13
48 15
48 19
48 24
48 26
48 27
48 33
48 35
48 36
48 42
48 46
48 49
48 49
49 3
49 5
49 6
49 7
49 15
49 16
49 21
49 22
49 33
49 38
49 40
49 41
49 48
49 0
49 4
49 11
49 13
49 14
49 17
49 19
49 26
49 27
49 31
49 33
49 37
49 40
49 41
49 42
49 43
49 44
49 46
49 48
