0 2
0 3
0 11
0 12
0 13
0 14
0 15
0 18
0 19
0 20
0 24
0 27
0 29
0 33
0 37
0 39
0 42
0 43
0 48
0 49
0 51
0 52
0 53
0 55
0 61
0 62
0 3
0 5
0 6
0 8
0 9
0 10
0 13
0 20
0 22
0 28
0 30
0 32
0 33
0 34
0 38
0 39
0 41
0 46
0 47
0 52
0 54
0 60
0 66
1 3
1 4
1 5
1 6
1 7
1 8
1 9
1 11
1 22
1 23
1 26
1 30
1 31
1 42
1 46
1 52
1 57
1 58
1 59
1 61
1 69
1 4
1 8
1 10
1 11
1 12
1 17
1 23
1 24
1 28
1 35
1 38
1 42
1 47
1 53
1 54
1 55
1 58
1 62
1 68
2 0
2 4
2 5
2 7
2 20
2 21
2 23
2 25
2 28
2 30
2 31
2 33
2 34
2 37
2 39
2 41
2 42
2 43
2 44
2 50
2 58
2 61
2 63
2 68
2 3
2 4
2 8
2 15
2 19
2 20
2 21
2 23
2 24
2 26
2 33
2 36
2 38
2 39
2 41
2 42
2 44
2 46
2 49
2 54
2 61
2 64
2 65
2 67
3 0
3 1
3 0
3 2
3 6
3 12
3 22
3 31
3 37
3 38
3 40
3 46
3 47
3 53
3 63
3 67
3 69
3 10
3 11
3 12
3 15
3 22
3 24
3 25
3 29
3 31
3 34
3 42
3 47
3 53
3 54
3 64
3 67
3 69
4 1
4 2
4 1
4 2
4 9
4 10
4 14
4 15
4 16
4 27
4 32
4 34
4 43
4 46
4 51
4 54
4 55
4 58
4 60
4 61
4 64
4 68
4 6
4 7
4 10
4 14
4 15
4 18
4 20
4 25
4 26
4 31
4 32
4 36
4 41
4 45
4 48
4 50
4 52
4 53
4 58
4 62
4 67
5 1
5 2
5 0
5 9
5 10
5 11
5 14
5 18
5 24
5 31
5 35
5 46
5 47
5 48
5 49
5 51
5 58
5 61
5 65
5 7
5 9
5 12
5 15
5 16
5 17
5 22
5 29
5 31
5 32
5 36
5 37
5 41
5 43
5 45
5 49
5 50
5 54
5 57
5 59
5 60
5 64
5 65
5 66
6 1
6 3
6 0
6 4
6 7
6 8
6 12
6 13
6 14
6 16
6 18
6 20
6 26
6 38
6 43
6 45
6 50
6 51
6 52
6 55
6 56
6 57
6 59
6 60
6 61
6 66
6 68
6 69
6 8
6 10
6 11
6 13
6 17
6 19
6 23
6 25
6 29
6 34
6 46
6 47
6 48
6 49
6 50
6 53
6 54
6 55
6 59
6 62
6 67
6 68
6 69
7 1
7 2
7 6
7 4
7 5
7 8
7 9
7 14
7 18
7 21
7 22
7 26
7 31
7 36
7 39
7 40
7 44
7 46
7 53
7 62
7 64
7 69
7 9
7 11
7 12
7 16
7 17
7 19
7 22
7 23
7 24
7 25
7 26
7 27
7 30
7 37
7 38
7 40
7 43
7 47
7 48
7 49
7 50
7 52
7 54
7 58
8 1
8 6
8 7
8 0
8 1
8 2
8 6
8 15
8 19
8 20
8 22
8 26
8 31
8 33
8 36
8 37
8 46
8 47
8 48
8 51
8 52
8 53
8 57
8 59
8 62
8 69
8 9
8 13
8 14
8 15
8 23
8 24
8 26
8 29
8 31
8 33
8 36
8 37
8 43
8 44
8 46
8 49
8 51
8 53
8 58
8 61
8 62
8 63
8 67
8 68
8 69
9 1
9 4
9 5
9 7
9 0
9 5
9 7
9 8
9 10
9 11
9 15
9 23
9 32
9 33
9 34
9 38
9 43
9 45
9 46
9 47
9 52
9 68
9 69
9 10
9 12
9 13
9 16
9 19
9 20
9 23
9 27
9 31
9 32
9 38
9 40
9 44
9 45
9 49
9 50
9 51
9 54
9 58
9 62
9 68
10 4
10 5
10 9
10 0
10 1
10 3
10 4
10 6
10 9
10 12
10 16
10 17
10 21
10 28
10 33
10 38
10 39
10 42
10 43
10 46
10 52
10 58
10 59
10 62
10 68
10 11
10 12
10 14
10 16
10 19
10 21
10 30
10 32
10 36
10 38
10 44
10 47
10 48
10 51
10 53
10 55
10 59
10 61
10 67
11 0
11 1
11 5
11 9
11 1
11 3
11 6
11 7
11 10
11 13
11 15
11 27
11 29
11 45
11 48
11 53
11 54
11 57
11 58
11 59
11 60
11 62
11 12
11 17
11 23
11 35
11 36
11 38
11 43
11 44
11 45
11 46
11 51
11 57
11 58
11 59
11 61
11 62
11 63
12 0
12 3
12 6
12 10
12 1
12 3
12 5
12 7
12 9
12 10
12 11
12 14
12 18
12 22
12 25
12 26
12 27
12 34
12 35
12 36
12 39
12 47
12 53
12 58
12 62
12 64
12 68
12 15
12 17
12 20
12 22
12 28
12 29
12 32
12 33
12 34
12 35
12 46
12 47
12 49
12 51
12 56
12 57
12 59
12 63
12 64
12 65
12 66
12 68
13 0
13 6
13 11
13 0
13 6
13 8
13 9
13 22
13 23
13 25
13 27
13 31
13 36
13 37
13 39
13 40
13 43
13 51
13 54
13 55
13 56
13 57
13 59
13 60
13 62
13 67
13 18
13 19
13 24
13 32
13 34
13 39
13 41
13 43
13 47
13 52
13 62
13 66
13 69
14 0
14 4
14 5
14 6
14 7
14 12
14 4
14 8
14 10
14 15
14 25
14 27
14 35
14 38
14 40
14 42
14 43
14 45
14 46
14 47
14 48
14 58
14 61
14 68
14 15
14 16
14 17
14 24
14 25
14 30
14 37
14 40
14 42
14 43
14 48
14 49
14 52
14 56
14 58
14 63
14 64
15 0
15 4
15 8
15 9
15 11
15 14
15 2
15 3
15 4
15 5
15 8
15 12
15 14
15 16
15 18
15 22
15 24
15 25
15 27
15 32
15 37
15 40
15 43
15 63
15 68
15 69
15 19
15 20
15 22
15 24
15 28
15 32
15 36
15 37
15 41
15 44
15 47
15 50
15 53
15 54
15 60
15 65
15 66
15 69
16 4
16 6
16 10
16 15
16 5
16 7
16 9
16 10
16 14
16 20
16 21
16 26
16 32
16 34
16 39
16 46
16 53
16 55
16 57
16 58
16 59
16 60
16 61
16 68
16 20
16 21
16 22
16 24
16 25
16 27
16 28
16 29
16 34
16 38
16 39
16 40
16 43
16 45
16 47
16 54
16 57
16 69
17 10
17 1
17 5
17 6
17 7
17 11
17 12
17 14
17 25
17 26
17 27
17 32
17 34
17 39
17 42
17 50
17 57
17 65
17 23
17 27
17 28
17 29
17 30
17 31
17 34
17 36
17 42
17 50
17 52
17 60
18 0
18 5
18 6
18 7
18 12
18 15
18 4
18 13
18 22
18 34
18 37
18 38
18 42
18 47
18 52
18 54
18 55
18 59
18 61
18 64
18 65
18 66
18 67
18 68
18 19
18 21
18 23
18 24
18 25
18 28
18 30
18 36
18 46
18 49
18 51
18 65
18 69
19 0
19 8
19 2
19 6
19 7
19 9
19 10
19 13
19 15
19 18
19 20
19 21
19 24
19 26
19 32
19 35
19 37
19 42
19 44
19 45
19 51
19 53
19 56
19 60
19 64
19 65
19 68
19 20
19 22
19 27
19 30
19 41
19 44
19 46
19 47
19 48
19 51
19 54
19 57
19 59
19 62
19 65
19 69
20 0
20 2
20 6
20 8
20 16
20 19
20 0
20 2
20 4
20 9
20 12
20 15
20 16
20 19
20 24
20 26
20 27
20 29
20 36
20 43
20 49
20 51
20 56
20 59
20 62
20 64
20 65
20 24
20 29
20 30
20 31
20 36
20 38
20 42
20 44
20 48
20 50
20 53
20 60
20 61
20 62
20 66
20 68
20 69
21 2
21 7
21 10
21 16
21 19
21 2
21 10
21 16
21 18
21 24
21 28
21 35
21 36
21 41
21 44
21 45
21 49
21 54
21 55
21 67
21 22
21 23
21 27
21 45
21 49
21 50
21 51
21 53
21 55
21 57
21 58
21 61
21 64
22 1
22 3
22 7
22 8
22 12
22 13
22 15
22 18
22 0
22 3
22 5
22 7
22 12
22 15
22 16
22 19
22 21
22 24
22 25
22 29
22 30
22 33
22 35
22 38
22 39
22 44
22 45
22 47
22 52
22 55
22 65
22 66
22 25
22 29
22 30
22 33
22 34
22 36
22 37
22 38
22 43
22 58
22 65
22 67
23 1
23 2
23 9
23 13
23 1
23 2
23 6
23 7
23 8
23 9
23 11
23 17
23 18
23 21
23 26
23 30
23 31
23 32
23 33
23 34
23 38
23 46
23 47
23 52
23 53
23 58
23 64
23 25
23 29
23 31
23 37
23 40
23 41
23 46
23 50
23 55
23 62
23 68
24 0
24 5
24 15
24 19
24 20
24 21
24 22
24 1
24 2
24 3
24 7
24 8
24 13
24 14
24 15
24 16
24 18
24 20
24 28
24 31
24 34
24 38
24 40
24 46
24 51
24 55
24 59
24 62
24 28
24 29
24 33
24 37
24 39
24 42
24 44
24 45
24 47
24 48
24 52
24 54
24 56
24 57
24 62
24 65
24 66
25 2
25 12
25 13
25 14
25 15
25 17
25 22
25 3
25 4
25 6
25 7
25 14
25 16
25 18
25 22
25 23
25 27
25 32
25 33
25 36
25 38
25 39
25 41
25 42
25 43
25 57
25 59
25 63
25 64
25 65
25 67
25 27
25 30
25 34
25 36
25 39
25 53
25 54
25 57
25 59
25 60
25 61
25 63
25 65
25 67
25 68
26 1
26 6
26 7
26 8
26 12
26 16
26 17
26 19
26 20
26 23
26 2
26 4
26 7
26 8
26 30
26 35
26 46
26 47
26 50
26 54
26 55
26 59
26 61
26 62
26 63
26 68
26 69
26 27
26 30
26 31
26 35
26 38
26 39
26 41
26 43
26 52
26 62
26 63
26 69
27 0
27 4
27 11
27 12
27 13
27 14
27 15
27 17
27 20
27 25
27 7
27 9
27 16
27 17
27 19
27 21
27 25
27 26
27 28
27 38
27 41
27 46
27 55
27 62
27 66
27 68
27 69
27 33
27 39
27 42
27 43
27 44
27 45
27 46
27 50
27 54
27 55
27 62
27 68
28 2
28 10
28 21
28 24
28 27
28 0
28 1
28 12
28 15
28 16
28 17
28 18
28 24
28 31
28 32
28 33
28 35
28 36
28 37
28 38
28 39
28 43
28 48
28 50
28 53
28 56
28 61
28 62
28 66
28 68
28 69
28 31
28 35
28 39
28 47
28 50
28 52
28 56
28 63
28 66
28 68
28 69
29 0
29 11
29 20
29 22
29 3
29 5
29 6
29 8
29 12
29 16
29 17
29 20
29 22
29 23
29 24
29 30
29 33
29 37
29 43
29 46
29 47
29 55
29 57
29 58
29 62
29 63
29 64
29 37
29 41
29 44
29 45
29 47
29 48
29 50
29 51
29 52
29 59
29 69
30 1
30 2
30 22
30 23
30 26
30 29
30 0
30 7
30 10
30 14
30 17
30 18
30 19
30 20
30 22
30 25
30 26
30 33
30 36
30 40
30 51
30 53
30 58
30 69
30 36
30 39
30 40
30 42
30 44
30 53
30 58
30 60
30 61
30 65
30 68
31 1
31 2
31 3
31 5
31 7
31 8
31 13
31 23
31 24
31 28
31 3
31 4
31 5
31 8
31 9
31 17
31 20
31 23
31 26
31 28
31 35
31 36
31 40
31 44
31 52
31 56
31 58
31 41
31 43
31 46
31 51
31 53
31 59
31 61
31 62
31 64
31 66
31 67
32 4
32 9
32 15
32 16
32 17
32 19
32 23
32 25
32 28
32 0
32 4
32 5
32 9
32 10
32 12
32 13
32 15
32 35
32 37
32 40
32 42
32 45
32 47
32 65
32 48
32 49
32 54
32 55
32 58
32 60
32 69
33 0
33 2
33 8
33 9
33 10
33 22
33 23
33 25
33 28
33 29
33 30
33 0
33 2
33 8
33 12
33 22
33 24
33 27
33 34
33 35
33 36
33 38
33 40
33 42
33 43
33 46
33 54
33 58
33 66
33 34
33 35
33 38
33 43
33 45
33 55
33 65
33 67
33 68
34 2
34 4
34 9
34 12
34 16
34 17
34 18
34 23
34 24
34 33
34 0
34 3
34 6
34 12
34 13
34 16
34 17
34 22
34 25
34 33
34 35
34 39
34 43
34 47
34 51
34 53
34 54
34 56
34 59
34 60
34 67
34 40
34 51
34 52
34 53
34 57
34 59
34 65
35 5
35 12
35 14
35 19
35 21
35 22
35 26
35 28
35 31
35 32
35 33
35 34
35 1
35 11
35 12
35 26
35 28
35 33
35 41
35 46
35 49
35 51
35 59
35 62
35 67
35 69
35 44
35 48
35 52
35 54
35 60
35 68
35 69
36 7
36 8
36 12
36 13
36 20
36 21
36 25
36 28
36 30
36 31
36 33
36 2
36 4
36 5
36 8
36 10
36 11
36 15
36 17
36 18
36 20
36 22
36 25
36 30
36 38
36 45
36 47
36 58
36 59
36 64
36 66
36 37
36 40
36 48
36 54
36 56
36 66
36 68
37 0
37 2
37 3
37 8
37 13
37 15
37 18
37 19
37 28
37 29
37 32
37 5
37 7
37 8
37 14
37 15
37 22
37 23
37 24
37 29
37 36
37 39
37 40
37 43
37 44
37 45
37 48
37 49
37 51
37 69
37 38
37 40
37 44
37 46
37 59
37 65
37 67
38 3
38 6
38 9
38 10
38 14
38 18
38 22
38 23
38 24
38 25
38 27
38 28
38 33
38 36
38 0
38 1
38 2
38 7
38 9
38 10
38 11
38 16
38 20
38 22
38 26
38 33
38 37
38 43
38 45
38 47
38 49
38 50
38 51
38 52
38 58
38 59
38 60
38 62
38 68
38 41
38 46
38 50
38 51
38 52
38 53
38 55
38 61
38 64
38 65
39 0
39 2
39 7
39 10
39 12
39 13
39 16
39 17
39 22
39 25
39 28
39 34
39 37
39 0
39 2
39 13
39 16
39 24
39 25
39 26
39 27
39 28
39 30
39 40
39 44
39 46
39 48
39 52
39 53
39 55
39 56
39 57
39 62
39 66
39 67
39 53
39 55
39 56
39 59
39 61
39 63
39 64
39 68
40 3
40 7
40 13
40 14
40 15
40 24
40 30
40 31
40 32
40 33
40 37
40 39
40 7
40 9
40 14
40 16
40 23
40 30
40 34
40 36
40 37
40 46
40 47
40 54
40 57
40 59
40 63
40 46
40 49
40 55
40 63
40 66
41 2
41 21
41 25
41 27
41 35
41 0
41 2
41 4
41 5
41 13
41 15
41 19
41 23
41 26
41 29
41 31
41 38
41 42
41 45
41 48
41 51
41 56
41 63
41 64
41 43
41 46
41 49
41 52
41 53
41 57
41 58
41 59
41 60
41 61
41 62
41 65
41 67
42 0
42 1
42 2
42 10
42 14
42 17
42 18
42 19
42 25
42 32
42 33
42 41
42 1
42 2
42 3
42 14
42 17
42 20
42 24
42 27
42 30
42 44
42 48
42 52
42 53
42 58
42 60
42 64
42 67
42 43
42 52
42 53
42 55
42 64
42 65
42 66
42 67
43 0
43 2
43 4
43 6
43 9
43 10
43 13
43 14
43 15
43 20
43 25
43 28
43 29
43 33
43 34
43 37
43 38
43 5
43 7
43 8
43 11
43 13
43 14
43 16
43 22
43 26
43 27
43 31
43 33
43 41
43 42
43 44
43 46
43 47
43 48
43 49
43 52
43 53
43 59
43 60
43 65
43 67
43 46
43 54
43 55
43 57
43 58
43 62
43 65
43 66
44 2
44 7
44 19
44 21
44 22
44 31
44 37
44 39
44 42
44 43
44 2
44 8
44 9
44 10
44 11
44 15
44 19
44 20
44 24
44 27
44 29
44 30
44 35
44 37
44 48
44 53
44 56
44 57
44 58
44 60
44 64
44 66
44 49
44 52
44 58
44 59
44 60
44 62
44 63
44 64
44 66
44 67
44 68
44 69
45 6
45 9
45 11
45 14
45 19
45 21
45 22
45 32
45 36
45 37
45 38
45 41
45 4
45 5
45 9
45 11
45 16
45 21
45 24
45 27
45 29
45 33
45 46
45 48
45 57
45 58
45 59
45 63
45 65
45 67
45 47
45 52
45 53
45 56
45 58
45 65
46 1
46 3
46 4
46 5
46 7
46 8
46 9
46 10
46 14
46 16
46 23
46 24
46 26
46 27
46 29
46 33
46 35
46 39
46 40
46 43
46 45
46 0
46 2
46 6
46 8
46 11
46 12
46 18
46 19
46 23
46 27
46 31
46 37
46 38
46 40
46 41
46 43
46 51
46 54
46 58
46 62
46 63
46 47
46 61
46 66
47 3
47 5
47 8
47 9
47 12
47 14
47 18
47 22
47 23
47 26
47 29
47 32
47 34
47 36
47 38
47 40
47 43
47 0
47 1
47 3
47 6
47 7
47 10
47 12
47 13
47 15
47 16
47 19
47 24
47 28
47 29
47 45
47 46
47 49
47 50
47 55
47 57
47 59
47 60
47 57
47 63
47 64
48 0
48 5
48 8
48 11
48 14
48 28
48 37
48 39
48 41
48 42
48 43
48 44
48 45
48 4
48 6
48 7
48 10
48 14
48 19
48 20
48 24
48 29
48 32
48 35
48 36
48 57
48 58
48 60
48 63
48 67
48 68
48 60
48 68
49 0
49 5
49 20
49 21
49 35
49 37
49 38
49 43
49 47
49 2
49 5
49 6
49 7
49 8
49 9
49 12
49 14
49 18
49 21
49 32
49 40
49 41
49 44
49 50
49 52
49 55
49 59
49 61
49 64
49 66
49 67
49 53
49 54
49 57
49 58
49 59
49 62
49 66
50 2
50 6
50 17
50 26
50 28
50 38
50 47
50 49
50 4
50 5
50 6
50 7
50 9
50 15
50 17
50 20
50 21
50 23
50 27
50 28
50 29
50 38
50 51
50 58
50 60
50 51
50 52
50 56
50 63
50 64
50 66
51 0
51 4
51 5
51 6
51 8
51 13
51 19
51 20
51 24
51 30
51 34
51 35
51 37
51 38
51 41
51 46
51 50
51 8
51 9
51 10
51 11
51 12
51 18
51 19
51 21
51 29
51 31
51 34
51 38
51 50
51 53
51 58
51 63
51 65
51 56
51 58
51 65
51 67
51 69
52 0
52 1
52 6
52 8
52 9
52 10
52 18
52 22
52 23
52 31
52 38
52 39
52 42
52 43
52 49
52 0
52 4
52 7
52 13
52 14
52 17
52 24
52 26
52 28
52 29
52 34
52 35
52 38
52 41
52 42
52 44
52 45
52 50
52 54
52 59
52 60
52 66
52 57
52 63
52 64
52 65
52 66
53 0
53 3
53 7
53 8
53 11
53 12
53 16
53 19
53 23
53 28
53 30
53 34
53 39
53 42
53 43
53 44
53 51
53 1
53 3
53 4
53 6
53 8
53 10
53 15
53 20
53 21
53 25
53 30
53 31
53 34
53 38
53 39
53 41
53 42
53 45
53 49
53 54
53 57
53 63
53 68
53 69
53 54
53 55
53 65
53 67
54 4
54 11
54 13
54 18
54 21
54 26
54 33
54 34
54 40
54 46
54 52
54 53
54 0
54 1
54 2
54 3
54 5
54 6
54 7
54 9
54 15
54 16
54 19
54 24
54 25
54 27
54 32
54 35
54 36
54 43
54 49
54 53
54 55
54 57
54 67
54 55
54 56
54 68
54 69
55 0
55 4
55 6
55 13
55 16
55 18
55 21
55 22
55 24
55 26
55 27
55 29
55 39
55 47
55 49
55 54
55 1
55 6
55 10
55 21
55 23
55 27
55 32
55 33
55 38
55 39
55 40
55 42
55 43
55 53
55 54
55 57
55 60
55 62
55 61
55 63
55 64
55 68
56 6
56 13
56 19
56 20
56 28
56 31
56 34
56 39
56 41
56 44
56 12
56 14
56 24
56 28
56 36
56 39
56 45
56 50
56 51
56 54
56 59
56 57
56 58
56 61
57 1
57 6
57 8
57 11
57 13
57 16
57 17
57 25
57 29
57 39
57 40
57 44
57 45
57 47
57 48
57 53
57 54
57 55
57 5
57 11
57 12
57 16
57 19
57 21
57 24
57 25
57 34
57 41
57 43
57 47
57 49
57 52
57 56
57 58
57 59
57 62
57 65
57 66
57 69
57 58
57 59
57 67
58 1
58 2
58 4
58 5
58 10
58 11
58 12
58 14
58 16
58 23
58 29
58 30
58 31
58 33
58 36
58 38
58 42
58 44
58 45
58 46
58 48
58 50
58 51
58 57
58 1
58 4
58 7
58 8
58 9
58 11
58 14
58 21
58 22
58 30
58 32
58 41
58 43
58 44
58 45
58 49
58 51
58 56
58 57
58 63
58 67
58 62
58 64
58 66
58 67
58 68
59 1
59 6
59 8
59 10
59 11
59 13
59 16
59 18
59 20
59 24
59 25
59 26
59 34
59 35
59 36
59 38
59 40
59 43
59 45
59 47
59 49
59 52
59 56
59 57
59 5
59 6
59 10
59 11
59 12
59 19
59 25
59 29
59 31
59 34
59 37
59 39
59 41
59 44
59 49
59 57
59 60
59 61
59 62
59 63
59 64
59 67
59 62
59 67
60 4
60 6
60 11
60 13
60 16
60 19
60 34
60 38
60 42
60 43
60 44
60 47
60 48
60 50
60 52
60 55
60 59
60 0
60 5
60 15
60 17
60 20
60 25
60 30
60 32
60 35
60 41
60 44
60 48
60 62
60 61
60 64
60 66
61 0
61 1
61 2
61 4
61 5
61 6
61 14
61 16
61 18
61 26
61 28
61 49
61 59
61 2
61 8
61 10
61 11
61 20
61 21
61 25
61 30
61 31
61 38
61 39
61 41
61 46
61 55
61 56
61 60
61 64
61 68
61 64
62 0
62 7
62 8
62 10
62 11
62 12
62 13
62 20
62 24
62 26
62 27
62 28
62 29
62 35
62 38
62 39
62 46
62 55
62 57
62 59
62 60
62 1
62 4
62 6
62 8
62 9
62 11
62 13
62 19
62 20
62 23
62 24
62 26
62 27
62 31
62 41
62 43
62 44
62 49
62 58
62 59
62 66
62 67
62 69
62 63
62 66
63 2
63 3
63 15
63 25
63 26
63 29
63 40
63 41
63 45
63 46
63 48
63 51
63 53
63 58
63 59
63 8
63 11
63 12
63 14
63 25
63 26
63 28
63 39
63 40
63 44
63 47
63 50
63 52
63 55
63 62
63 68
63 64
63 65
63 67
64 4
64 7
64 12
64 18
64 19
64 20
64 23
64 25
64 29
64 36
64 41
64 42
64 44
64 49
64 59
64 61
64 2
64 3
64 5
64 12
64 14
64 21
64 31
64 38
64 39
64 42
64 44
64 47
64 50
64 52
64 55
64 58
64 60
64 61
64 63
64 68
64 69
65 5
65 17
65 18
65 19
65 20
65 22
65 25
65 32
65 43
65 45
65 51
65 57
65 2
65 5
65 12
65 15
65 18
65 19
65 22
65 24
65 25
65 30
65 33
65 34
65 37
65 38
65 41
65 42
65 43
65 45
65 51
65 52
65 53
65 63
65 69
65 69
66 6
66 18
66 22
66 27
66 28
66 33
66 36
66 39
66 44
66 49
66 52
66 57
66 62
66 0
66 5
66 12
66 13
66 15
66 20
66 24
66 28
66 31
66 36
66 40
66 42
66 43
66 44
66 46
66 49
66 50
66 52
66 58
66 60
66 62
66 69
66 69
67 3
67 13
67 18
67 21
67 25
67 34
67 35
67 39
67 42
67 43
67 45
67 48
67 49
67 54
67 58
67 59
67 62
67 2
67 3
67 4
67 6
67 8
67 10
67 22
67 25
67 31
67 33
67 37
67 41
67 42
67 44
67 51
67 53
67 57
67 58
67 59
67 63
68 2
68 4
68 6
68 9
68 10
68 12
68 14
68 15
68 16
68 18
68 19
68 26
68 27
68 28
68 38
68 48
68 53
68 61
68 63
68 64
68 1
68 6
68 8
68 9
68 12
68 20
68 23
68 25
68 27
68 28
68 30
68 33
68 35
68 36
68 39
68 44
68 48
68 54
68 55
68 58
68 69
69 1
69 3
69 6
69 7
69 8
69 9
69 15
69 26
69 27
69 28
69 30
69 35
69 37
69 53
69 57
69 62
69 64
69 65
69 66
69 3
69 6
69 8
69 13
69 15
69 16
69 18
69 19
69 20
69 26
69 28
69 29
69 32
69 35
69 44
69 51
69 54
69 65
69 66
69 68
