0 1
0 2
0 5
0 12
0 15
0 16
0 17
0 18
0 22
0 23
0 24
0 29
0 1
0 7
0 13
0 19
0 23
0 24
0 28
1 0
1 0
1 2
1 3
1 6
1 12
1 20
1 28
1 3
1 4
1 6
1 7
1 9
1 12
1 20
1 24
1 28
2 0
2 1
2 7
2 11
2 18
2 28
2 29
2 12
2 19
2 23
2 24
2 29
3 1
3 1
3 8
3 9
3 10
3 21
3 22
3 24
3 29
3 4
3 5
3 7
3 10
3 18
3 20
3 21
3 22
3 24
3 29
4 1
4 3
4 8
4 10
4 11
4 16
4 18
4 19
4 20
4 22
4 23
4 25
4 27
4 7
4 10
4 12
4 25
4 28
5 0
5 3
5 7
5 11
5 12
5 17
5 8
5 11
5 12
5 15
5 16
5 18
5 22
5 27
5 28
5 29
6 1
6 1
6 21
6 22
6 24
6 25
6 23
6 27
7 2
7 5
7 0
7 1
7 3
7 4
7 9
7 13
7 18
7 20
7 22
7 24
7 25
7 26
7 28
7 9
7 10
7 11
7 12
7 24
8 3
8 4
8 5
8 9
8 12
8 15
8 24
8 26
8 28
8 11
8 17
8 19
8 23
8 26
9 3
9 7
9 8
9 1
9 7
9 11
9 24
9 25
9 11
9 12
9 19
9 20
9 21
9 22
9 26
10 3
10 4
10 3
10 4
10 7
10 13
10 18
10 19
10 21
10 23
10 25
10 18
10 19
10 20
10 22
10 26
10 29
11 2
11 4
11 5
11 9
11 5
11 7
11 8
11 9
11 12
11 13
11 28
11 13
11 21
11 25
11 29
12 0
12 1
12 5
12 8
12 11
12 1
12 2
12 4
12 5
12 7
12 9
12 13
12 14
12 17
12 20
12 24
12 25
12 26
12 27
12 29
12 18
12 20
12 24
12 25
12 27
12 29
13 7
13 10
13 11
13 12
13 0
13 11
13 18
13 21
13 22
13 25
13 16
13 18
13 25
14 12
14 17
14 18
14 21
14 23
14 25
14 27
14 18
14 21
14 24
14 27
15 0
15 8
15 5
15 17
15 20
15 21
15 26
15 27
15 16
15 17
15 18
15 19
15 27
16 0
16 4
16 5
16 13
16 15
16 20
16 24
16 25
16 26
16 28
16 29
16 20
16 26
16 29
17 0
17 5
17 12
17 14
17 15
17 8
17 15
17 19
17 28
17 29
17 20
17 22
17 24
17 27
17 28
18 0
18 2
18 4
18 7
18 10
18 13
18 14
18 3
18 5
18 10
18 12
18 13
18 14
18 15
18 20
18 29
18 21
18 22
18 25
19 4
19 10
19 17
19 0
19 2
19 8
19 9
19 10
19 15
19 24
19 24
19 27
19 28
20 1
20 4
20 7
20 12
20 15
20 16
20 18
20 1
20 3
20 9
20 10
20 12
20 16
20 17
20 22
20 28
20 22
20 27
20 29
21 3
21 6
21 10
21 13
21 14
21 15
21 3
21 9
21 11
21 14
21 18
21 26
21 29
21 26
22 0
22 3
22 4
22 6
22 7
22 13
22 20
22 3
22 5
22 9
22 10
22 17
22 18
22 20
22 26
22 27
23 0
23 4
23 10
23 14
23 0
23 2
23 6
23 8
23 28
24 0
24 3
24 6
24 7
24 8
24 9
24 12
24 16
24 19
24 0
24 1
24 2
24 3
24 7
24 12
24 14
24 17
24 19
24 29
24 26
25 4
25 6
25 7
25 9
25 10
25 12
25 13
25 14
25 16
25 4
25 11
25 12
25 13
25 18
25 27
26 7
26 8
26 12
26 15
26 16
26 21
26 22
26 8
26 9
26 10
26 16
26 21
26 24
26 28
26 28
26 29
27 4
27 12
27 14
27 15
27 5
27 6
27 12
27 14
27 15
27 17
27 19
27 20
27 22
27 25
28 1
28 2
28 7
28 8
28 11
28 16
28 17
28 20
28 26
28 0
28 1
28 4
28 5
28 17
28 19
28 23
28 26
28 29
29 0
29 2
29 3
29 12
29 16
29 17
29 18
29 21
29 24
29 28
29 2
29 3
29 5
29 10
29 11
29 12
29 16
29 20
29 26
