0 2
0 5
0 6
0 7
0 9
0 14
0 16
0 20
0 25
0 27
0 29
0 36
0 38
0 39
0 44
0 51
0 59
0 61
0 63
0 64
0 66
0 68
0 69
0 1
0 4
0 5
0 9
0 13
0 14
0 19
0 24
0 25
0 37
0 38
0 43
0 47
0 56
0 58
0 59
0 63
0 69
1 0
1 2
1 7
1 8
1 10
1 15
1 16
1 20
1 23
1 25
1 30
1 34
1 42
1 43
1 44
1 45
1 47
1 54
1 59
1 60
1 64
1 68
1 6
1 8
1 11
1 13
1 14
1 19
1 20
1 23
1 26
1 27
1 34
1 37
1 38
1 41
1 42
1 44
1 48
1 51
1 60
2 0
2 1
2 6
2 8
2 9
2 10
2 12
2 16
2 18
2 22
2 23
2 28
2 33
2 36
2 43
2 56
2 57
2 63
2 64
2 65
2 66
2 67
2 68
2 4
2 8
2 10
2 12
2 18
2 22
2 24
2 31
2 33
2 36
2 42
2 46
2 47
2 50
2 51
2 53
2 59
2 60
2 65
2 67
2 69
3 8
3 10
3 11
3 12
3 14
3 16
3 17
3 18
3 19
3 22
3 24
3 26
3 32
3 35
3 36
3 40
3 51
3 55
3 64
3 65
3 66
3 68
3 7
3 12
3 16
3 17
3 18
3 19
3 28
3 32
3 33
3 35
3 36
3 38
3 41
3 45
3 49
3 58
3 62
3 65
3 68
4 0
4 2
4 16
4 19
4 24
4 25
4 27
4 30
4 31
4 34
4 35
4 46
4 48
4 50
4 53
4 59
4 60
4 61
4 62
4 65
4 68
4 69
4 9
4 10
4 14
4 16
4 17
4 18
4 21
4 26
4 27
4 28
4 32
4 33
4 36
4 37
4 42
4 44
4 45
4 49
4 50
4 53
4 54
4 57
4 60
4 64
5 0
5 0
5 8
5 11
5 12
5 13
5 17
5 20
5 26
5 28
5 43
5 44
5 46
5 50
5 51
5 54
5 55
5 56
5 57
5 59
5 64
5 65
5 66
5 67
5 8
5 9
5 13
5 16
5 21
5 30
5 34
5 37
5 38
5 39
5 40
5 47
5 48
5 49
5 53
5 61
5 67
5 68
6 0
6 2
6 1
6 9
6 10
6 12
6 13
6 16
6 20
6 21
6 22
6 23
6 25
6 27
6 30
6 34
6 36
6 39
6 41
6 44
6 47
6 49
6 57
6 62
6 9
6 13
6 15
6 16
6 17
6 18
6 23
6 24
6 27
6 31
6 32
6 34
6 36
6 37
6 40
6 42
6 46
6 48
6 51
6 57
6 60
6 67
6 69
7 0
7 1
7 3
7 12
7 13
7 14
7 15
7 17
7 21
7 22
7 23
7 26
7 36
7 37
7 42
7 56
7 60
7 10
7 12
7 13
7 14
7 18
7 24
7 25
7 32
7 33
7 34
7 38
7 39
7 43
7 45
7 46
7 47
7 48
7 52
7 57
7 62
7 63
7 64
7 68
8 1
8 2
8 3
8 5
8 1
8 2
8 5
8 10
8 11
8 25
8 28
8 38
8 39
8 42
8 43
8 46
8 47
8 55
8 57
8 58
8 60
8 65
8 66
8 67
8 13
8 20
8 25
8 29
8 32
8 34
8 35
8 38
8 44
8 47
8 49
8 51
8 54
9 0
9 2
9 6
9 0
9 4
9 5
9 6
9 13
9 16
9 29
9 32
9 33
9 35
9 36
9 41
9 46
9 50
9 52
9 55
9 59
9 63
9 65
9 67
9 10
9 14
9 15
9 16
9 20
9 22
9 24
9 28
9 31
9 33
9 34
9 37
9 39
9 43
9 46
9 56
9 59
9 62
9 63
9 66
9 69
10 1
10 2
10 3
10 6
10 8
10 2
10 4
10 7
10 9
10 17
10 23
10 27
10 30
10 31
10 32
10 33
10 39
10 42
10 45
10 46
10 49
10 51
10 52
10 53
10 57
10 59
10 66
10 67
10 11
10 16
10 18
10 21
10 23
10 26
10 28
10 30
10 34
10 40
10 42
10 43
10 47
10 58
10 61
10 63
10 65
10 67
10 69
11 3
11 5
11 8
11 1
11 10
11 12
11 13
11 15
11 16
11 22
11 31
11 32
11 33
11 35
11 36
11 38
11 41
11 43
11 55
11 56
11 57
11 58
11 59
11 62
11 66
11 68
11 13
11 14
11 16
11 17
11 19
11 21
11 36
11 38
11 40
11 41
11 43
11 49
11 52
11 55
11 56
11 62
11 63
11 67
12 2
12 3
12 5
12 6
12 7
12 11
12 2
12 3
12 7
12 17
12 19
12 23
12 24
12 25
12 26
12 36
12 37
12 40
12 42
12 46
12 52
12 54
12 59
12 61
12 63
12 64
12 65
12 13
12 17
12 19
12 21
12 26
12 28
12 29
12 33
12 40
12 41
12 47
12 50
12 51
12 53
12 54
12 56
12 58
12 61
12 62
13 5
13 6
13 7
13 9
13 11
13 0
13 1
13 5
13 6
13 7
13 8
13 11
13 12
13 16
13 17
13 22
13 24
13 25
13 29
13 31
13 33
13 35
13 40
13 42
13 43
13 44
13 45
13 47
13 49
13 51
13 53
13 60
13 63
13 64
13 66
13 15
13 19
13 21
13 23
13 24
13 29
13 31
13 36
13 40
13 56
13 62
13 67
14 0
14 3
14 7
14 0
14 1
14 4
14 7
14 9
14 11
14 18
14 20
14 25
14 26
14 30
14 31
14 33
14 47
14 50
14 54
14 18
14 20
14 26
14 29
14 31
14 41
14 44
14 45
14 46
14 49
14 52
14 53
14 58
15 1
15 7
15 11
15 6
15 9
15 13
15 21
15 23
15 24
15 27
15 29
15 31
15 40
15 41
15 43
15 46
15 49
15 50
15 55
15 57
15 58
15 59
15 60
15 62
15 64
15 67
15 69
15 21
15 22
15 31
15 32
15 37
15 38
15 39
15 41
15 45
15 46
15 48
15 50
15 51
15 53
15 55
15 58
15 60
15 62
15 68
15 69
16 0
16 1
16 2
16 3
16 4
16 6
16 9
16 11
16 13
16 3
16 4
16 5
16 6
16 9
16 10
16 11
16 23
16 26
16 29
16 30
16 32
16 36
16 40
16 42
16 44
16 47
16 52
16 53
16 54
16 56
16 58
16 60
16 61
16 18
16 35
16 37
16 39
16 40
16 42
16 50
16 55
16 57
16 58
16 60
16 62
16 65
17 3
17 5
17 7
17 10
17 12
17 13
17 3
17 4
17 6
17 11
17 12
17 18
17 21
17 26
17 35
17 36
17 37
17 38
17 41
17 44
17 48
17 49
17 58
17 60
17 67
17 68
17 69
17 31
17 36
17 41
17 43
17 45
17 47
17 48
17 49
17 51
17 54
17 60
17 65
18 2
18 3
18 14
18 17
18 2
18 3
18 4
18 6
18 7
18 10
18 14
18 16
18 19
18 24
18 29
18 31
18 34
18 37
18 42
18 43
18 44
18 50
18 51
18 57
18 58
18 64
18 68
18 69
18 19
18 26
18 30
18 32
18 34
18 35
18 38
18 41
18 42
18 46
18 49
18 53
18 60
18 62
18 63
18 66
18 68
18 69
19 3
19 4
19 12
19 18
19 0
19 1
19 3
19 11
19 12
19 13
19 18
19 24
19 26
19 32
19 37
19 40
19 43
19 45
19 47
19 52
19 56
19 58
19 61
19 67
19 23
19 30
19 36
19 40
19 44
19 45
19 52
19 55
19 68
20 0
20 1
20 5
20 6
20 14
20 1
20 8
20 9
20 14
20 25
20 26
20 30
20 31
20 32
20 34
20 39
20 40
20 43
20 45
20 46
20 48
20 50
20 54
20 55
20 56
20 66
20 67
20 68
20 22
20 29
20 30
20 32
20 36
20 38
20 40
20 46
20 51
20 59
20 64
21 6
21 7
21 15
21 17
21 4
21 5
21 10
21 11
21 12
21 13
21 15
21 26
21 31
21 34
21 39
21 41
21 45
21 53
21 55
21 62
21 65
21 68
21 24
21 26
21 27
21 32
21 39
21 40
21 41
21 42
21 44
21 49
21 53
21 54
21 55
21 56
21 57
21 58
21 64
21 65
21 69
22 2
22 3
22 6
22 7
22 11
22 13
22 2
22 9
22 15
22 20
22 28
22 30
22 33
22 39
22 41
22 45
22 53
22 55
22 58
22 60
22 63
22 65
22 66
22 67
22 24
22 29
22 30
22 32
22 35
22 36
22 39
22 42
22 43
22 44
22 47
22 52
22 53
22 54
22 58
22 59
22 60
22 69
23 1
23 2
23 6
23 7
23 10
23 12
23 15
23 16
23 1
23 6
23 10
23 13
23 19
23 27
23 30
23 31
23 32
23 38
23 45
23 55
23 65
23 67
23 68
23 25
23 26
23 27
23 30
23 49
23 51
23 54
23 64
23 66
24 3
24 4
24 12
24 13
24 15
24 18
24 19
24 0
24 2
24 6
24 7
24 9
24 13
24 21
24 22
24 25
24 32
24 34
24 37
24 38
24 41
24 42
24 43
24 44
24 45
24 47
24 49
24 51
24 53
24 54
24 60
24 63
24 65
24 69
24 26
24 35
24 41
24 43
24 44
24 45
24 49
24 54
24 55
24 57
24 58
24 59
24 60
24 64
24 66
25 0
25 1
25 4
25 6
25 8
25 12
25 13
25 14
25 20
25 24
25 0
25 7
25 8
25 23
25 28
25 29
25 33
25 35
25 38
25 42
25 44
25 46
25 49
25 50
25 51
25 52
25 53
25 55
25 62
25 64
25 69
25 26
25 27
25 29
25 32
25 34
25 39
25 47
25 56
25 58
25 60
25 62
25 64
25 67
25 68
26 3
26 5
26 7
26 12
26 14
26 16
26 17
26 19
26 20
26 21
26 1
26 4
26 10
26 12
26 14
26 18
26 21
26 23
26 24
26 25
26 27
26 31
26 34
26 38
26 40
26 42
26 47
26 48
26 49
26 57
26 64
26 29
26 30
26 31
26 33
26 36
26 37
26 38
26 39
26 43
26 44
26 46
26 47
26 55
26 61
26 65
26 69
27 0
27 4
27 6
27 10
27 15
27 23
27 26
27 1
27 4
27 6
27 21
27 23
27 25
27 29
27 30
27 34
27 37
27 41
27 44
27 46
27 54
27 56
27 28
27 29
27 31
27 41
27 43
27 48
27 50
27 52
27 54
27 56
27 58
27 61
27 63
28 2
28 5
28 8
28 22
28 25
28 3
28 4
28 9
28 10
28 12
28 27
28 31
28 33
28 36
28 37
28 45
28 48
28 49
28 51
28 52
28 55
28 56
28 58
28 61
28 63
28 64
28 65
28 67
28 31
28 33
28 34
28 38
28 40
28 44
28 45
28 46
28 47
28 51
28 52
28 59
28 60
28 63
28 66
29 0
29 9
29 13
29 15
29 16
29 18
29 25
29 27
29 8
29 12
29 13
29 14
29 20
29 22
29 25
29 26
29 27
29 32
29 37
29 40
29 47
29 49
29 51
29 53
29 55
29 57
29 32
29 45
29 47
29 57
29 63
30 1
30 4
30 6
30 10
30 14
30 16
30 20
30 22
30 23
30 27
30 5
30 10
30 18
30 19
30 20
30 22
30 23
30 26
30 32
30 40
30 41
30 43
30 50
30 52
30 53
30 58
30 60
30 63
30 66
30 49
30 50
30 58
30 65
30 66
30 68
30 69
31 4
31 10
31 11
31 13
31 14
31 15
31 18
31 20
31 21
31 23
31 26
31 28
31 2
31 6
31 9
31 13
31 14
31 15
31 17
31 26
31 27
31 28
31 36
31 41
31 42
31 48
31 50
31 54
31 57
31 59
31 66
31 67
31 68
31 32
31 33
31 41
31 42
31 44
31 45
31 49
31 50
31 51
31 52
31 53
31 54
31 55
31 56
31 57
31 62
32 3
32 9
32 10
32 11
32 16
32 19
32 20
32 23
32 24
32 29
32 30
32 3
32 4
32 6
32 7
32 8
32 15
32 18
32 20
32 21
32 22
32 25
32 29
32 31
32 33
32 34
32 35
32 49
32 52
32 54
32 57
32 60
32 63
32 65
32 33
32 36
32 42
32 46
32 48
32 53
32 54
32 58
32 59
32 61
32 63
33 2
33 9
33 10
33 11
33 13
33 14
33 22
33 25
33 28
33 32
33 2
33 3
33 4
33 7
33 9
33 12
33 26
33 28
33 31
33 32
33 38
33 40
33 43
33 44
33 46
33 48
33 55
33 58
33 60
33 61
33 63
33 67
33 37
33 38
33 41
33 42
33 43
33 48
33 49
33 54
33 58
33 60
33 61
33 64
33 66
33 67
34 1
34 4
34 6
34 18
34 20
34 21
34 24
34 26
34 27
34 32
34 1
34 5
34 6
34 7
34 8
34 9
34 10
34 18
34 25
34 28
34 35
34 37
34 40
34 41
34 43
34 44
34 47
34 48
34 52
34 55
34 57
34 58
34 63
34 68
34 37
34 38
34 41
34 42
34 43
34 47
34 58
34 61
34 69
35 3
35 4
35 9
35 11
35 13
35 17
35 25
35 32
35 34
35 3
35 8
35 16
35 18
35 22
35 24
35 37
35 38
35 48
35 49
35 53
35 54
35 55
35 61
35 63
35 65
35 67
35 68
35 39
35 41
35 42
35 43
35 48
35 49
35 51
35 55
35 57
35 68
36 0
36 2
36 3
36 6
36 7
36 9
36 11
36 12
36 16
36 17
36 28
36 31
36 2
36 3
36 4
36 6
36 11
36 13
36 17
36 19
36 20
36 22
36 26
36 32
36 38
36 45
36 49
36 51
36 52
36 56
36 61
36 67
36 68
36 69
36 41
36 42
36 43
36 46
36 47
36 48
36 52
36 61
36 65
36 67
37 7
37 12
37 17
37 18
37 19
37 24
37 27
37 28
37 29
37 34
37 35
37 0
37 1
37 4
37 5
37 6
37 9
37 15
37 16
37 26
37 33
37 34
37 49
37 57
37 59
37 62
37 63
37 66
37 38
37 42
37 43
37 44
37 45
37 55
37 57
37 59
37 62
37 63
37 64
37 67
38 0
38 8
38 11
38 17
38 23
38 24
38 25
38 26
38 33
38 35
38 36
38 0
38 1
38 3
38 5
38 7
38 8
38 11
38 15
38 18
38 20
38 26
38 28
38 33
38 34
38 37
38 40
38 43
38 44
38 48
38 50
38 51
38 56
38 58
38 61
38 62
38 68
38 69
38 39
38 44
38 48
38 52
38 56
38 57
38 62
38 63
38 66
38 67
38 68
39 0
39 6
39 8
39 10
39 20
39 21
39 22
39 5
39 7
39 9
39 15
39 16
39 21
39 22
39 25
39 26
39 35
39 38
39 45
39 49
39 51
39 58
39 40
39 41
39 42
39 45
39 51
39 53
39 57
39 61
40 3
40 12
40 13
40 15
40 16
40 19
40 20
40 26
40 29
40 30
40 33
40 34
40 38
40 5
40 6
40 10
40 11
40 12
40 13
40 16
40 19
40 20
40 21
40 28
40 39
40 45
40 48
40 50
40 51
40 58
40 62
40 63
40 65
40 67
40 42
40 45
40 47
40 56
40 61
40 67
41 6
41 9
41 11
41 15
41 17
41 21
41 22
41 24
41 27
41 30
41 31
41 34
41 1
41 3
41 11
41 12
41 14
41 15
41 17
41 18
41 21
41 24
41 27
41 31
41 33
41 34
41 35
41 36
41 39
41 45
41 46
41 48
41 50
41 51
41 54
41 55
41 57
41 59
41 61
41 65
41 67
41 68
41 42
41 44
41 45
41 46
41 48
41 53
41 56
41 57
41 58
41 62
41 63
41 65
41 68
41 69
42 1
42 7
42 8
42 10
42 12
42 13
42 16
42 18
42 24
42 25
42 26
42 31
42 1
42 2
42 4
42 6
42 10
42 16
42 18
42 21
42 22
42 31
42 32
42 33
42 34
42 35
42 36
42 37
42 39
42 40
42 41
42 43
42 44
42 45
42 47
42 48
42 53
42 56
42 60
42 65
42 67
42 46
42 47
42 50
42 56
42 58
42 61
42 65
42 67
43 1
43 2
43 5
43 8
43 11
43 13
43 15
43 18
43 19
43 20
43 24
43 30
43 33
43 34
43 38
43 42
43 0
43 7
43 9
43 10
43 11
43 17
43 22
43 24
43 26
43 27
43 33
43 34
43 35
43 36
43 37
43 51
43 52
43 54
43 59
43 61
43 64
43 69
43 44
43 61
43 62
44 0
44 1
44 5
44 6
44 13
44 16
44 17
44 18
44 24
44 25
44 27
44 33
44 34
44 38
44 42
44 1
44 4
44 8
44 14
44 19
44 21
44 22
44 24
44 26
44 28
44 31
44 37
44 38
44 41
44 43
44 48
44 55
44 59
44 61
44 63
44 66
44 67
44 46
44 49
44 51
44 53
44 61
45 1
45 10
45 13
45 19
45 20
45 21
45 22
45 23
45 24
45 28
45 36
45 39
45 40
45 41
45 42
45 3
45 4
45 7
45 14
45 15
45 17
45 19
45 24
45 28
45 29
45 31
45 37
45 39
45 40
45 41
45 48
45 49
45 51
45 53
45 55
45 58
45 68
45 46
45 48
45 50
45 58
45 61
45 65
45 68
46 4
46 5
46 8
46 9
46 10
46 12
46 15
46 20
46 25
46 27
46 33
46 41
46 2
46 6
46 7
46 9
46 14
46 15
46 18
46 20
46 26
46 28
46 32
46 36
46 41
46 42
46 44
46 45
46 47
46 51
46 52
46 54
46 56
46 58
46 65
46 67
46 69
46 47
46 50
46 54
46 62
46 66
47 1
47 6
47 8
47 13
47 14
47 16
47 19
47 24
47 26
47 29
47 34
47 42
47 46
47 0
47 2
47 5
47 7
47 8
47 10
47 12
47 17
47 22
47 25
47 26
47 28
47 29
47 34
47 36
47 40
47 42
47 46
47 51
47 53
47 56
47 58
47 61
47 62
47 63
47 65
47 66
47 67
47 69
47 51
47 52
47 62
47 66
48 4
48 17
48 20
48 26
48 28
48 31
48 33
48 34
48 35
48 38
48 40
48 41
48 42
48 44
48 45
48 1
48 5
48 6
48 7
48 15
48 17
48 27
48 32
48 33
48 35
48 36
48 38
48 41
48 45
48 52
48 60
48 62
48 64
48 68
48 51
48 59
48 61
48 62
48 63
48 66
48 67
49 6
49 10
49 13
49 15
49 17
49 24
49 25
49 26
49 28
49 29
49 32
49 35
49 36
49 37
49 39
49 45
49 3
49 4
49 5
49 8
49 11
49 14
49 17
49 18
49 21
49 23
49 24
49 30
49 31
49 33
49 35
49 44
49 55
49 61
49 63
49 64
49 65
49 68
49 50
49 54
49 55
49 56
49 57
49 60
49 63
49 69
50 4
50 5
50 9
50 14
50 15
50 18
50 20
50 25
50 30
50 31
50 38
50 40
50 41
50 2
50 4
50 12
50 15
50 16
50 27
50 30
50 31
50 42
50 45
50 46
50 49
50 55
50 57
50 59
50 61
50 66
50 51
50 54
50 55
50 57
50 59
50 64
50 68
51 0
51 3
51 5
51 10
51 13
51 18
51 24
51 25
51 28
51 29
51 36
51 38
51 39
51 40
51 41
51 43
51 45
51 46
51 47
51 1
51 2
51 6
51 8
51 12
51 15
51 17
51 20
51 23
51 28
51 31
51 35
51 39
51 44
51 47
51 48
51 50
51 52
51 57
51 61
51 62
51 66
51 69
51 52
51 54
51 55
51 59
51 62
51 65
51 67
52 9
52 10
52 12
52 16
52 19
52 25
52 28
52 30
52 32
52 34
52 36
52 43
52 46
52 48
52 51
52 7
52 11
52 14
52 19
52 22
52 27
52 28
52 31
52 36
52 38
52 47
52 51
52 54
52 55
52 56
52 59
52 63
52 65
52 58
52 63
52 66
52 69
53 4
53 10
53 13
53 16
53 21
53 22
53 24
53 25
53 29
53 30
53 35
53 42
53 45
53 47
53 2
53 4
53 5
53 12
53 14
53 15
53 18
53 21
53 22
53 31
53 32
53 39
53 41
53 44
53 55
53 61
53 64
53 68
53 55
53 57
53 66
53 68
54 1
54 5
54 12
54 14
54 16
54 20
54 24
54 27
54 31
54 32
54 35
54 41
54 43
54 46
54 52
54 4
54 8
54 12
54 17
54 21
54 22
54 23
54 24
54 27
54 31
54 32
54 33
54 46
54 49
54 50
54 51
54 57
54 58
54 69
54 56
54 57
54 58
54 60
54 61
54 65
54 69
55 3
55 5
55 8
55 9
55 11
55 15
55 20
55 21
55 22
55 23
55 25
55 28
55 29
55 33
55 34
55 35
55 41
55 44
55 45
55 49
55 50
55 52
55 53
55 11
55 15
55 16
55 19
55 21
55 24
55 26
55 31
55 35
55 37
55 49
55 50
55 51
55 53
55 59
55 61
55 57
55 69
56 2
56 5
56 7
56 11
56 16
56 19
56 20
56 27
56 28
56 36
56 38
56 42
56 46
56 47
56 52
56 0
56 9
56 11
56 12
56 13
56 21
56 25
56 27
56 31
56 38
56 40
56 41
56 42
56 49
56 54
56 61
56 62
56 60
56 63
56 65
56 67
56 69
57 2
57 5
57 6
57 8
57 10
57 11
57 15
57 18
57 26
57 29
57 31
57 32
57 34
57 37
57 41
57 50
57 51
57 54
57 4
57 6
57 7
57 16
57 21
57 24
57 29
57 31
57 35
57 37
57 38
57 39
57 41
57 49
57 50
57 53
57 54
57 55
57 59
57 60
57 61
57 64
57 65
57 69
57 59
57 61
57 67
57 69
58 8
58 11
58 15
58 16
58 17
58 18
58 19
58 22
58 28
58 30
58 33
58 34
58 38
58 39
58 40
58 45
58 46
58 47
58 54
58 0
58 3
58 10
58 12
58 14
58 15
58 16
58 21
58 22
58 24
58 25
58 27
58 30
58 32
58 33
58 34
58 41
58 42
58 45
58 52
58 54
58 60
58 65
58 68
58 69
58 59
58 65
58 67
58 68
59 0
59 1
59 4
59 5
59 9
59 10
59 11
59 12
59 15
59 31
59 37
59 41
59 43
59 44
59 50
59 52
59 55
59 57
59 0
59 2
59 9
59 20
59 22
59 24
59 28
59 32
59 37
59 48
59 50
59 51
59 57
59 58
59 66
59 67
59 68
59 61
59 62
59 68
60 1
60 4
60 7
60 8
60 13
60 15
60 16
60 17
60 22
60 24
60 30
60 32
60 33
60 42
60 48
60 57
60 58
60 1
60 2
60 4
60 6
60 15
60 16
60 17
60 18
60 22
60 24
60 25
60 28
60 33
60 49
60 54
60 56
60 64
60 66
60 68
60 69
60 61
60 64
60 66
60 67
61 0
61 4
61 12
61 16
61 19
61 28
61 33
61 35
61 36
61 38
61 41
61 43
61 44
61 47
61 49
61 50
61 51
61 53
61 55
61 56
61 57
61 5
61 10
61 12
61 26
61 27
61 32
61 33
61 34
61 36
61 39
61 40
61 42
61 43
61 44
61 45
61 48
61 54
61 57
61 59
61 60
61 67
62 4
62 6
62 11
62 15
62 21
62 25
62 37
62 38
62 40
62 47
62 48
62 51
62 56
62 3
62 7
62 9
62 11
62 12
62 13
62 15
62 16
62 18
62 25
62 31
62 37
62 38
62 41
62 43
62 46
62 47
62 48
62 51
62 59
62 64
62 65
62 67
62 69
62 65
63 0
63 2
63 9
63 12
63 13
63 22
63 24
63 28
63 30
63 32
63 33
63 34
63 35
63 37
63 40
63 44
63 47
63 49
63 52
63 0
63 7
63 9
63 10
63 11
63 18
63 27
63 28
63 29
63 32
63 37
63 38
63 41
63 48
63 49
63 52
63 56
63 65
63 66
63 64
63 66
64 0
64 1
64 2
64 3
64 5
64 12
64 13
64 15
64 18
64 25
64 26
64 28
64 43
64 48
64 49
64 53
64 57
64 60
64 62
64 4
64 7
64 20
64 21
64 23
64 24
64 25
64 33
64 37
64 50
64 60
64 63
64 68
64 69
65 2
65 3
65 4
65 5
65 8
65 9
65 12
65 21
65 22
65 23
65 24
65 28
65 32
65 35
65 40
65 41
65 42
65 46
65 47
65 49
65 52
65 57
65 58
65 62
65 63
65 2
65 3
65 10
65 16
65 17
65 21
65 26
65 30
65 36
65 41
65 42
65 45
65 51
65 54
65 56
65 58
65 62
65 68
66 0
66 2
66 3
66 5
66 8
66 10
66 11
66 13
66 20
66 22
66 30
66 31
66 37
66 44
66 47
66 50
66 51
66 59
66 60
66 63
66 9
66 18
66 23
66 24
66 28
66 30
66 33
66 38
66 46
66 47
66 48
66 52
66 53
66 60
66 63
66 67
66 68
66 67
67 2
67 5
67 8
67 9
67 10
67 15
67 17
67 19
67 20
67 22
67 23
67 28
67 31
67 33
67 35
67 36
67 40
67 41
67 42
67 44
67 46
67 47
67 59
67 62
67 66
67 2
67 5
67 6
67 10
67 11
67 13
67 25
67 33
67 36
67 37
67 38
67 40
67 42
67 48
67 51
67 56
67 57
67 58
67 60
67 61
67 66
67 69
67 69
68 0
68 1
68 2
68 3
68 4
68 11
68 17
68 18
68 20
68 21
68 23
68 31
68 34
68 35
68 36
68 38
68 41
68 45
68 48
68 49
68 53
68 58
68 59
68 60
68 64
68 66
68 3
68 5
68 7
68 15
68 18
68 19
68 25
68 30
68 35
68 38
68 41
68 45
68 50
68 53
68 58
68 59
68 65
69 0
69 4
69 15
69 17
69 18
69 24
69 25
69 36
69 38
69 43
69 46
69 47
69 51
69 54
69 57
69 58
69 60
69 62
69 67
69 0
69 2
69 6
69 9
69 10
69 15
69 18
69 21
69 22
69 26
69 30
69 34
69 41
69 49
69 52
69 54
69 55
69 56
69 57
69 64
69 67
