0 6
0 19
0 23
0 25
0 27
0 28
0 29
0 32
0 34
0 36
0 39
0 40
0 41
0 46
0 48
0 51
0 54
0 56
0 59
0 64
0 67
0 8
0 9
0 10
0 13
0 15
0 21
0 25
0 34
0 40
0 41
0 43
0 44
0 47
0 48
0 55
0 58
0 59
0 64
0 66
0 68
1 4
1 7
1 9
1 15
1 19
1 24
1 27
1 30
1 38
1 39
1 47
1 49
1 53
1 54
1 61
1 65
1 66
1 68
1 3
1 8
1 10
1 12
1 14
1 16
1 19
1 21
1 23
1 24
1 25
1 35
1 37
1 40
1 43
1 44
1 46
1 48
1 49
1 52
1 54
1 56
1 61
1 67
2 3
2 5
2 9
2 11
2 12
2 15
2 18
2 30
2 34
2 40
2 50
2 53
2 54
2 56
2 61
2 62
2 63
2 65
2 66
2 67
2 68
2 3
2 5
2 12
2 15
2 16
2 17
2 18
2 20
2 21
2 30
2 38
2 40
2 44
2 50
2 52
2 64
2 66
2 68
3 2
3 1
3 2
3 5
3 8
3 9
3 19
3 20
3 24
3 28
3 35
3 37
3 40
3 42
3 46
3 49
3 50
3 51
3 52
3 53
3 55
3 57
3 59
3 61
3 63
3 65
3 11
3 13
3 15
3 16
3 18
3 19
3 30
3 35
3 40
3 43
3 45
3 47
3 49
3 50
3 53
3 54
3 55
3 57
3 59
3 64
3 68
4 1
4 11
4 13
4 21
4 31
4 33
4 40
4 42
4 49
4 50
4 52
4 56
4 59
4 61
4 63
4 65
4 66
4 67
4 5
4 6
4 8
4 9
4 11
4 12
4 13
4 17
4 19
4 22
4 24
4 26
4 27
4 35
4 38
4 39
4 40
4 41
4 43
4 44
4 47
4 49
4 52
4 57
4 58
4 60
4 62
4 64
4 65
4 68
5 2
5 3
5 2
5 4
5 7
5 8
5 16
5 17
5 23
5 24
5 25
5 26
5 33
5 38
5 40
5 42
5 49
5 56
5 57
5 58
5 59
5 61
5 69
5 15
5 20
5 23
5 28
5 30
5 33
5 34
5 37
5 48
5 53
5 57
5 58
5 63
5 64
5 67
5 69
6 0
6 4
6 16
6 19
6 22
6 27
6 30
6 38
6 42
6 43
6 44
6 48
6 55
6 58
6 59
6 62
6 63
6 65
6 68
6 14
6 17
6 18
6 19
6 21
6 23
6 25
6 26
6 27
6 29
6 30
6 42
6 48
6 57
6 67
6 68
6 69
7 1
7 5
7 8
7 9
7 14
7 19
7 22
7 25
7 26
7 27
7 28
7 35
7 37
7 38
7 40
7 47
7 48
7 51
7 58
7 59
7 61
7 65
7 66
7 67
7 14
7 21
7 22
7 30
7 32
7 33
7 41
7 42
7 45
7 46
7 48
7 49
7 54
7 55
7 60
7 61
7 64
7 69
8 3
8 5
8 7
8 0
8 1
8 4
8 15
8 18
8 19
8 21
8 22
8 25
8 38
8 39
8 43
8 54
8 63
8 65
8 66
8 67
8 69
8 10
8 11
8 14
8 20
8 22
8 25
8 26
8 27
8 35
8 36
8 37
8 43
8 58
8 60
8 63
8 64
8 66
8 68
9 1
9 2
9 3
9 7
9 0
9 4
9 11
9 12
9 23
9 24
9 26
9 27
9 28
9 29
9 30
9 34
9 39
9 44
9 46
9 47
9 51
9 52
9 53
9 64
9 65
9 68
9 15
9 24
9 25
9 26
9 41
9 47
9 51
9 52
9 55
9 58
9 60
9 63
9 68
9 69
10 0
10 1
10 8
10 16
10 17
10 19
10 20
10 22
10 32
10 34
10 36
10 37
10 39
10 40
10 46
10 51
10 52
10 54
10 57
10 58
10 59
10 61
10 62
10 65
10 69
10 16
10 22
10 23
10 26
10 27
10 29
10 32
10 33
10 35
10 36
10 37
10 38
10 39
10 42
10 43
10 46
10 47
10 56
10 64
10 65
10 66
10 68
10 69
11 2
11 4
11 9
11 3
11 4
11 8
11 12
11 14
11 17
11 18
11 20
11 27
11 28
11 29
11 31
11 34
11 36
11 41
11 46
11 51
11 58
11 61
11 67
11 69
11 12
11 13
11 16
11 21
11 29
11 30
11 32
11 34
11 37
11 42
11 45
11 46
11 49
11 50
11 58
11 61
11 63
12 2
12 9
12 11
12 1
12 2
12 4
12 11
12 14
12 21
12 27
12 28
12 30
12 41
12 44
12 45
12 47
12 50
12 55
12 56
12 58
12 59
12 61
12 66
12 67
12 68
12 69
12 13
12 20
12 23
12 30
12 31
12 32
12 36
12 37
12 40
12 44
12 51
12 58
12 59
12 61
12 62
12 64
12 68
13 4
13 0
13 3
13 4
13 11
13 12
13 14
13 15
13 18
13 19
13 21
13 24
13 25
13 26
13 28
13 32
13 33
13 34
13 41
13 51
13 52
13 55
13 57
13 61
13 64
13 67
13 69
13 19
13 27
13 31
13 33
13 37
13 38
13 40
13 43
13 50
13 52
13 54
13 59
13 62
13 65
13 67
14 7
14 11
14 12
14 13
14 1
14 6
14 7
14 8
14 19
14 21
14 22
14 24
14 25
14 28
14 31
14 32
14 33
14 34
14 37
14 39
14 41
14 50
14 51
14 52
14 53
14 55
14 65
14 66
14 67
14 69
14 22
14 25
14 30
14 34
14 37
14 40
14 45
14 47
14 49
14 55
14 57
14 58
14 61
14 67
14 68
14 69
15 1
15 2
15 8
15 13
15 0
15 2
15 3
15 5
15 9
15 19
15 22
15 23
15 29
15 30
15 31
15 33
15 35
15 37
15 38
15 46
15 53
15 54
15 58
15 59
15 63
15 64
15 67
15 20
15 25
15 27
15 33
15 36
15 39
15 41
15 45
15 46
15 48
15 51
15 53
15 62
15 63
15 65
15 68
16 5
16 6
16 10
16 1
16 2
16 3
16 10
16 11
16 17
16 19
16 22
16 25
16 29
16 38
16 43
16 47
16 51
16 52
16 53
16 55
16 57
16 59
16 61
16 62
16 65
16 17
16 18
16 21
16 28
16 31
16 35
16 37
16 39
16 41
16 46
16 51
16 52
16 55
16 59
16 61
16 65
16 66
16 67
17 5
17 10
17 11
17 16
17 2
17 4
17 6
17 16
17 19
17 22
17 24
17 34
17 40
17 42
17 45
17 48
17 52
17 53
17 58
17 59
17 60
17 61
17 63
17 65
17 68
17 18
17 22
17 23
17 27
17 30
17 35
17 37
17 41
17 42
17 43
17 51
17 53
17 61
17 63
17 68
18 2
18 8
18 11
18 13
18 2
18 3
18 6
18 16
18 17
18 20
18 24
18 25
18 26
18 28
18 39
18 41
18 43
18 46
18 47
18 52
18 53
18 54
18 57
18 58
18 59
18 64
18 66
18 22
18 27
18 29
18 36
18 39
18 40
18 42
18 44
18 55
18 56
18 58
18 59
18 61
18 63
19 0
19 1
19 3
19 6
19 7
19 8
19 10
19 13
19 14
19 15
19 16
19 17
19 1
19 3
19 4
19 6
19 13
19 22
19 31
19 37
19 38
19 39
19 40
19 44
19 48
19 53
19 56
19 62
19 63
19 64
19 65
19 66
19 68
19 22
19 25
19 27
19 51
19 52
19 55
19 56
19 62
19 66
19 69
20 3
20 10
20 11
20 18
20 2
20 5
20 8
20 12
20 15
20 22
20 23
20 28
20 29
20 31
20 38
20 41
20 42
20 48
20 49
20 54
20 61
20 24
20 28
20 29
20 31
20 33
20 34
20 36
20 39
20 40
20 45
20 56
20 57
20 65
20 66
20 68
21 4
21 8
21 12
21 13
21 14
21 0
21 1
21 2
21 6
21 7
21 11
21 16
21 24
21 26
21 32
21 35
21 36
21 37
21 38
21 39
21 43
21 44
21 46
21 55
21 61
21 62
21 66
21 68
21 69
21 22
21 25
21 28
21 38
21 40
21 41
21 42
21 45
21 46
21 48
21 50
21 51
21 56
21 59
21 62
21 68
22 6
22 7
22 8
22 10
22 14
22 15
22 16
22 17
22 19
22 20
22 4
22 7
22 8
22 10
22 14
22 17
22 18
22 19
22 21
22 30
22 31
22 33
22 34
22 40
22 41
22 51
22 53
22 54
22 57
22 58
22 65
22 28
22 36
22 41
22 44
22 48
22 51
22 52
22 53
22 56
22 65
22 67
23 0
23 5
23 9
23 15
23 20
23 1
23 5
23 6
23 10
23 12
23 17
23 24
23 26
23 27
23 28
23 29
23 31
23 37
23 38
23 39
23 40
23 51
23 52
23 54
23 55
23 56
23 59
23 60
23 63
23 66
23 69
23 24
23 28
23 33
23 40
23 47
23 48
23 55
23 56
23 59
23 65
23 66
23 69
24 1
24 3
24 5
24 9
24 13
24 14
24 17
24 18
24 21
24 23
24 1
24 4
24 9
24 20
24 23
24 26
24 27
24 30
24 31
24 36
24 42
24 44
24 49
24 55
24 57
24 63
24 67
24 68
24 25
24 26
24 27
24 31
24 49
24 50
24 55
24 60
24 61
24 62
24 63
24 67
25 0
25 5
25 7
25 8
25 13
25 14
25 16
25 18
25 0
25 1
25 6
25 8
25 9
25 14
25 15
25 19
25 21
25 24
25 33
25 34
25 35
25 37
25 42
25 47
25 48
25 51
25 67
25 69
25 27
25 28
25 30
25 31
25 32
25 34
25 35
25 36
25 37
25 38
25 39
25 43
25 45
25 57
25 61
25 64
25 65
25 68
26 5
26 7
26 9
26 13
26 18
26 21
26 23
26 24
26 4
26 6
26 8
26 9
26 10
26 24
26 27
26 31
26 34
26 36
26 39
26 44
26 48
26 51
26 55
26 58
26 60
26 62
26 63
26 65
26 67
26 68
26 30
26 32
26 44
26 48
26 54
26 61
26 67
27 0
27 1
27 6
27 7
27 9
27 11
27 12
27 23
27 24
27 26
27 4
27 6
27 8
27 10
27 13
27 15
27 17
27 18
27 19
27 24
27 25
27 28
27 29
27 31
27 37
27 44
27 45
27 46
27 50
27 56
27 63
27 67
27 68
27 69
27 34
27 35
27 37
27 38
27 46
27 49
27 53
27 57
27 60
27 61
27 62
27 64
27 65
27 69
28 0
28 3
28 7
28 9
28 11
28 12
28 13
28 14
28 18
28 20
28 23
28 27
28 5
28 16
28 20
28 21
28 22
28 23
28 25
28 30
28 35
28 37
28 39
28 42
28 47
28 49
28 57
28 58
28 59
28 60
28 62
28 63
28 64
28 68
28 29
28 32
28 40
28 42
28 44
28 46
28 47
28 48
28 49
28 51
28 57
28 59
28 60
28 61
28 62
28 64
28 69
29 0
29 9
29 11
29 15
29 16
29 20
29 23
29 27
29 6
29 10
29 11
29 18
29 20
29 28
29 30
29 31
29 33
29 34
29 35
29 38
29 45
29 48
29 56
29 60
29 61
29 63
29 65
29 68
29 33
29 34
29 42
29 45
29 48
29 51
29 56
29 61
30 1
30 2
30 6
30 9
30 12
30 15
30 22
30 24
30 28
30 29
30 2
30 3
30 5
30 6
30 7
30 11
30 12
30 14
30 17
30 25
30 26
30 32
30 33
30 38
30 39
30 43
30 46
30 47
30 53
30 59
30 60
30 65
30 66
30 67
30 33
30 37
30 40
30 41
30 47
30 48
30 49
30 50
30 51
30 54
30 55
30 56
30 57
30 62
30 64
30 65
30 69
31 4
31 11
31 14
31 15
31 19
31 20
31 22
31 23
31 24
31 26
31 27
31 29
31 12
31 13
31 16
31 20
31 24
31 25
31 32
31 37
31 41
31 43
31 48
31 52
31 53
31 58
31 60
31 63
31 65
31 66
31 69
31 34
31 39
31 40
31 42
31 47
31 55
31 56
31 59
31 62
31 65
32 0
32 10
32 13
32 14
32 21
32 30
32 31
32 7
32 10
32 11
32 12
32 25
32 26
32 28
32 34
32 36
32 37
32 39
32 42
32 45
32 49
32 52
32 53
32 54
32 38
32 47
32 48
32 49
32 53
32 57
32 58
32 60
32 65
32 68
32 69
33 4
33 5
33 13
33 14
33 15
33 22
33 25
33 29
33 30
33 5
33 7
33 10
33 13
33 15
33 20
33 23
33 29
33 30
33 34
33 36
33 39
33 44
33 45
33 47
33 54
33 56
33 58
33 59
33 60
33 61
33 62
33 67
33 68
33 69
33 38
33 43
33 44
33 46
33 50
33 54
33 56
33 57
33 62
33 63
33 65
33 68
34 0
34 2
34 9
34 10
34 11
34 13
34 14
34 17
34 22
34 25
34 26
34 29
34 32
34 33
34 0
34 5
34 11
34 14
34 20
34 25
34 27
34 29
34 31
34 36
34 38
34 39
34 42
34 45
34 47
34 51
34 55
34 57
34 61
34 67
34 41
34 51
34 53
34 54
34 55
34 61
34 65
35 3
35 7
35 15
35 21
35 25
35 28
35 29
35 1
35 3
35 4
35 8
35 10
35 16
35 17
35 25
35 27
35 37
35 38
35 40
35 43
35 46
35 49
35 52
35 58
35 40
35 49
35 52
35 55
35 59
35 62
35 64
35 65
35 66
35 69
36 0
36 10
36 11
36 21
36 24
36 26
36 32
36 33
36 34
36 8
36 10
36 12
36 15
36 18
36 20
36 22
36 25
36 39
36 54
36 58
36 62
36 37
36 40
36 43
36 44
36 45
36 46
36 47
36 52
36 55
36 58
36 59
36 62
36 64
37 3
37 7
37 10
37 14
37 15
37 19
37 21
37 23
37 25
37 27
37 28
37 31
37 32
37 35
37 1
37 5
37 8
37 10
37 11
37 12
37 13
37 14
37 16
37 17
37 25
37 27
37 30
37 36
37 38
37 39
37 42
37 44
37 48
37 49
37 56
37 60
37 69
37 38
37 47
37 48
37 50
37 51
37 52
37 59
37 66
38 1
38 5
38 6
38 7
38 8
38 15
38 16
38 19
38 20
38 21
38 23
38 29
38 30
38 34
38 35
38 37
38 2
38 4
38 10
38 13
38 21
38 25
38 27
38 32
38 33
38 37
38 41
38 42
38 55
38 59
38 61
38 62
38 39
38 40
38 44
38 46
38 50
38 54
38 66
39 0
39 1
39 8
39 9
39 10
39 14
39 18
39 19
39 21
39 23
39 26
39 28
39 30
39 32
39 33
39 34
39 36
39 37
39 4
39 10
39 15
39 16
39 18
39 20
39 25
39 31
39 38
39 40
39 43
39 44
39 45
39 51
39 58
39 59
39 62
39 65
39 68
39 69
39 41
39 47
39 50
39 56
39 58
39 60
39 67
39 68
40 0
40 2
40 3
40 4
40 5
40 7
40 10
40 17
40 19
40 22
40 23
40 35
40 39
40 0
40 1
40 2
40 3
40 4
40 12
40 13
40 14
40 18
40 20
40 21
40 23
40 28
40 30
40 31
40 35
40 36
40 38
40 60
40 66
40 48
40 59
40 60
40 65
41 0
41 11
41 12
41 13
41 14
41 18
41 20
41 22
41 31
41 38
41 0
41 4
41 7
41 9
41 15
41 16
41 17
41 21
41 22
41 30
41 34
41 39
41 43
41 47
41 48
41 51
41 54
41 56
41 57
41 59
41 62
41 63
41 64
41 67
41 43
41 49
41 51
41 54
41 58
42 3
42 4
42 5
42 6
42 17
42 20
42 24
42 25
42 28
42 32
42 34
42 37
42 38
42 6
42 7
42 10
42 11
42 17
42 18
42 21
42 28
42 29
42 31
42 43
42 48
42 53
42 57
42 60
42 65
42 47
42 48
42 49
42 53
42 54
42 57
42 58
42 61
42 65
42 66
42 67
43 6
43 8
43 16
43 18
43 21
43 30
43 31
43 35
43 39
43 41
43 42
43 0
43 1
43 3
43 4
43 8
43 10
43 13
43 17
43 25
43 33
43 36
43 41
43 44
43 46
43 47
43 50
43 52
43 63
43 46
43 49
43 50
43 52
43 54
43 56
43 61
43 62
43 68
44 6
44 9
44 12
44 19
44 21
44 24
44 26
44 27
44 33
44 37
44 39
44 43
44 0
44 1
44 2
44 4
44 12
44 18
44 22
44 26
44 28
44 33
44 36
44 38
44 46
44 47
44 52
44 55
44 62
44 65
44 67
44 45
44 53
44 55
44 56
44 57
44 59
44 60
44 61
44 62
44 64
44 66
44 67
44 68
45 12
45 17
45 27
45 29
45 32
45 33
45 34
45 39
45 3
45 7
45 11
45 14
45 15
45 20
45 21
45 25
45 29
45 36
45 44
45 49
45 62
45 67
45 68
45 69
45 47
45 48
45 53
45 55
45 58
45 59
45 60
45 61
46 0
46 3
46 9
46 10
46 11
46 15
46 18
46 21
46 27
46 30
46 35
46 43
46 44
46 1
46 7
46 10
46 11
46 15
46 16
46 21
46 27
46 28
46 33
46 36
46 38
46 43
46 55
46 60
46 61
46 64
46 65
46 69
46 48
46 51
46 53
46 54
46 56
46 58
46 60
46 61
46 66
46 68
47 1
47 7
47 9
47 12
47 16
47 18
47 25
47 28
47 30
47 33
47 34
47 41
47 43
47 44
47 0
47 3
47 4
47 9
47 10
47 14
47 23
47 28
47 30
47 31
47 32
47 36
47 37
47 39
47 42
47 45
47 51
47 55
47 57
47 59
47 61
47 63
47 49
47 56
47 58
47 62
47 63
47 64
48 0
48 6
48 7
48 17
48 19
48 20
48 25
48 26
48 29
48 31
48 37
48 41
48 42
48 0
48 1
48 5
48 6
48 7
48 15
48 21
48 22
48 23
48 26
48 28
48 29
48 30
48 32
48 37
48 40
48 42
48 45
48 46
48 52
48 56
48 57
48 58
48 61
48 64
48 66
48 50
48 51
48 56
48 60
48 67
48 69
49 1
49 3
49 4
49 5
49 20
49 24
49 28
49 32
49 35
49 37
49 45
49 1
49 3
49 4
49 7
49 11
49 14
49 24
49 27
49 28
49 30
49 32
49 35
49 41
49 42
49 43
49 47
49 50
49 52
49 55
49 60
49 64
49 68
49 50
49 51
49 52
49 54
49 60
49 62
49 64
49 65
50 2
50 3
50 4
50 12
50 14
50 27
50 43
50 49
50 2
50 3
50 11
50 13
50 21
50 24
50 30
50 33
50 37
50 38
50 39
50 43
50 48
50 49
50 54
50 59
50 61
50 63
50 66
50 67
50 52
50 60
50 66
51 0
51 3
51 7
51 9
51 10
51 11
51 13
51 14
51 16
51 22
51 23
51 25
51 26
51 34
51 39
51 41
51 47
51 9
51 12
51 15
51 16
51 17
51 19
51 21
51 22
51 28
51 29
51 30
51 34
51 37
51 41
51 46
51 48
51 49
51 55
51 69
51 57
51 58
51 59
51 62
51 66
51 68
52 3
52 4
52 9
52 10
52 13
52 14
52 16
52 17
52 18
52 23
52 31
52 32
52 35
52 43
52 44
52 48
52 49
52 1
52 2
52 4
52 9
52 13
52 16
52 19
52 22
52 35
52 36
52 37
52 43
52 49
52 50
52 54
52 57
52 58
52 62
52 63
52 55
52 59
52 61
52 62
52 67
52 68
52 69
53 1
53 2
53 3
53 9
53 14
53 15
53 16
53 17
53 18
53 19
53 22
53 30
53 31
53 32
53 42
53 3
53 5
53 15
53 17
53 22
53 27
53 32
53 34
53 42
53 44
53 45
53 46
53 57
53 59
53 60
53 67
53 54
53 61
53 62
53 64
54 0
54 1
54 2
54 8
54 10
54 15
54 18
54 20
54 22
54 23
54 32
54 33
54 36
54 41
54 50
54 52
54 1
54 3
54 7
54 13
54 26
54 30
54 33
54 34
54 38
54 41
54 42
54 43
54 46
54 49
54 53
54 55
54 57
54 59
54 62
54 64
54 69
54 56
54 67
54 69
55 3
55 6
55 12
55 13
55 14
55 16
55 21
55 23
55 24
55 26
55 34
55 38
55 44
55 46
55 47
55 49
55 51
55 54
55 0
55 3
55 7
55 9
55 14
55 16
55 18
55 19
55 23
55 24
55 30
55 31
55 34
55 35
55 36
55 44
55 45
55 52
55 57
55 61
55 62
55 67
55 68
55 56
55 65
56 0
56 2
56 4
56 5
56 12
56 19
56 23
56 27
56 29
56 33
56 37
56 41
56 48
56 1
56 10
56 18
56 19
56 20
56 21
56 22
56 23
56 29
56 30
56 31
56 33
56 39
56 43
56 44
56 46
56 47
56 48
56 54
56 55
56 64
56 66
56 67
56 60
56 64
57 3
57 5
57 10
57 13
57 16
57 18
57 22
57 24
57 28
57 34
57 41
57 42
57 47
57 48
57 52
57 53
57 54
57 55
57 3
57 4
57 5
57 6
57 14
57 20
57 25
57 27
57 28
57 30
57 32
57 33
57 42
57 44
57 51
57 62
57 61
57 62
57 63
57 65
57 67
57 68
57 69
58 5
58 6
58 7
58 10
58 11
58 12
58 15
58 17
58 18
58 22
58 26
58 28
58 31
58 33
58 35
58 36
58 39
58 48
58 52
58 0
58 4
58 5
58 8
58 9
58 11
58 12
58 14
58 18
58 32
58 36
58 39
58 41
58 42
58 45
58 46
58 47
58 51
58 63
58 66
58 68
58 59
58 60
58 65
58 67
58 69
59 0
59 3
59 4
59 5
59 6
59 7
59 10
59 12
59 15
59 16
59 17
59 18
59 23
59 28
59 30
59 33
59 38
59 39
59 41
59 47
59 50
59 53
59 54
59 0
59 3
59 12
59 13
59 16
59 18
59 21
59 23
59 28
59 31
59 35
59 36
59 37
59 40
59 44
59 45
59 51
59 52
59 58
59 61
59 62
59 68
59 66
59 67
60 17
60 23
60 26
60 28
60 29
60 30
60 31
60 33
60 37
60 40
60 42
60 46
60 49
60 53
60 4
60 7
60 8
60 9
60 24
60 27
60 28
60 32
60 39
60 40
60 44
60 45
60 46
60 48
60 49
60 50
60 56
60 58
60 67
60 61
60 68
61 1
61 2
61 3
61 4
61 5
61 7
61 10
61 11
61 12
61 13
61 16
61 17
61 20
61 21
61 29
61 33
61 34
61 38
61 46
61 47
61 48
61 50
61 55
61 59
61 1
61 7
61 11
61 12
61 14
61 16
61 17
61 18
61 24
61 25
61 26
61 27
61 28
61 29
61 34
61 42
61 43
61 44
61 45
61 46
61 52
61 53
61 57
61 60
61 64
61 66
61 64
61 67
62 2
62 6
62 10
62 16
62 19
62 21
62 26
62 28
62 33
62 36
62 38
62 39
62 41
62 44
62 45
62 52
62 54
62 55
62 57
62 59
62 4
62 12
62 13
62 15
62 19
62 21
62 24
62 27
62 28
62 30
62 31
62 33
62 35
62 36
62 43
62 44
62 47
62 49
62 51
62 52
62 53
62 57
62 63
62 64
62 65
62 68
62 63
62 68
62 69
63 2
63 3
63 4
63 6
63 8
63 15
63 17
63 19
63 23
63 24
63 26
63 27
63 28
63 29
63 31
63 41
63 43
63 47
63 50
63 52
63 58
63 62
63 5
63 8
63 9
63 11
63 15
63 17
63 18
63 24
63 33
63 47
63 57
63 62
63 64
63 65
63 66
63 68
63 69
64 0
64 9
64 13
64 15
64 18
64 19
64 28
64 41
64 46
64 48
64 49
64 54
64 56
64 61
64 62
64 63
64 0
64 2
64 3
64 4
64 5
64 7
64 8
64 10
64 12
64 25
64 27
64 28
64 30
64 35
64 36
64 44
64 47
64 49
64 53
64 56
64 61
64 67
64 68
64 65
64 68
65 1
65 2
65 3
65 4
65 6
65 7
65 8
65 9
65 10
65 14
65 16
65 17
65 19
65 22
65 26
65 29
65 30
65 31
65 39
65 42
65 44
65 46
65 62
65 63
65 4
65 10
65 13
65 15
65 16
65 20
65 22
65 23
65 25
65 27
65 30
65 31
65 32
65 33
65 34
65 35
65 40
65 42
65 49
65 55
65 57
65 58
65 64
65 67
65 68
65 69
65 68
66 1
66 2
66 4
66 7
66 8
66 12
66 14
66 18
66 19
66 21
66 23
66 30
66 31
66 40
66 48
66 50
66 56
66 58
66 61
66 63
66 0
66 2
66 8
66 10
66 16
66 19
66 20
66 23
66 35
66 37
66 38
66 42
66 44
66 46
66 50
66 51
66 59
66 67
66 69
67 0
67 2
67 4
67 7
67 8
67 11
67 12
67 13
67 14
67 15
67 24
67 25
67 26
67 27
67 30
67 33
67 34
67 41
67 44
67 45
67 50
67 53
67 55
67 56
67 60
67 64
67 65
67 1
67 5
67 6
67 13
67 14
67 16
67 22
67 24
67 26
67 39
67 42
67 44
67 48
67 52
67 54
67 57
67 58
67 59
67 61
67 66
67 68
67 68
68 1
68 2
68 6
68 9
68 12
68 17
68 19
68 21
68 24
68 26
68 27
68 28
68 29
68 33
68 39
68 45
68 49
68 55
68 58
68 59
68 62
68 63
68 64
68 65
68 67
68 0
68 2
68 3
68 4
68 6
68 8
68 9
68 10
68 12
68 14
68 15
68 17
68 20
68 21
68 25
68 32
68 33
68 39
68 43
68 44
68 46
68 51
68 52
68 57
68 60
68 62
68 64
68 65
68 67
69 5
69 8
69 10
69 11
69 12
69 13
69 14
69 21
69 23
69 25
69 27
69 31
69 33
69 37
69 39
69 45
69 46
69 51
69 54
69 65
69 5
69 6
69 7
69 9
69 10
69 14
69 19
69 23
69 27
69 28
69 30
69 32
69 35
69 48
69 52
69 54
69 57
69 58
69 62
69 63
69 66
