0 5
0 7
0 9
0 11
0 12
0 14
0 17
0 18
0 23
0 25
0 27
0 28
0 31
0 33
0 36
0 37
0 39
0 44
0 46
0 53
0 54
0 59
0 60
0 61
0 65
0 66
0 67
0 68
0 3
0 4
0 8
0 9
0 10
0 14
0 17
0 20
0 21
0 22
0 29
0 33
0 35
0 39
0 44
0 54
0 55
0 57
0 58
0 61
0 62
0 64
1 7
1 9
1 11
1 13
1 17
1 18
1 22
1 30
1 31
1 32
1 39
1 41
1 45
1 46
1 51
1 58
1 60
1 63
1 66
1 68
1 5
1 6
1 10
1 16
1 18
1 20
1 27
1 30
1 33
1 37
1 39
1 40
1 42
1 62
1 63
1 64
2 3
2 6
2 7
2 8
2 9
2 10
2 13
2 16
2 20
2 25
2 34
2 41
2 52
2 54
2 62
2 69
2 9
2 10
2 13
2 20
2 23
2 24
2 26
2 34
2 35
2 39
2 42
2 45
2 46
2 49
2 51
2 54
2 55
2 60
2 61
2 63
2 64
2 67
2 69
3 2
3 0
3 4
3 11
3 13
3 14
3 23
3 29
3 33
3 35
3 37
3 39
3 41
3 42
3 46
3 47
3 49
3 52
3 55
3 61
3 65
3 5
3 9
3 10
3 11
3 16
3 17
3 21
3 23
3 26
3 34
3 38
3 40
3 41
3 42
3 43
3 46
3 48
3 50
3 52
3 57
3 60
3 62
4 3
4 0
4 7
4 9
4 18
4 19
4 20
4 22
4 28
4 32
4 37
4 41
4 44
4 52
4 56
4 58
4 62
4 68
4 5
4 10
4 30
4 40
4 47
4 50
4 54
4 55
4 58
4 59
4 67
5 0
5 1
5 3
5 4
5 10
5 11
5 13
5 15
5 20
5 21
5 24
5 33
5 35
5 44
5 45
5 49
5 50
5 53
5 54
5 56
5 64
5 67
5 6
5 7
5 10
5 15
5 18
5 19
5 20
5 30
5 32
5 33
5 34
5 36
5 39
5 45
5 46
5 48
5 49
5 50
5 51
5 52
5 55
5 56
5 57
5 58
5 59
5 61
5 63
5 67
6 2
6 1
6 5
6 8
6 10
6 14
6 16
6 22
6 28
6 34
6 36
6 37
6 41
6 48
6 52
6 53
6 56
6 58
6 62
6 63
6 7
6 9
6 11
6 15
6 22
6 25
6 30
6 33
6 39
6 48
6 57
6 59
6 62
6 66
7 0
7 1
7 2
7 4
7 5
7 6
7 12
7 15
7 23
7 24
7 30
7 33
7 36
7 37
7 38
7 40
7 43
7 45
7 46
7 49
7 51
7 53
7 57
7 62
7 63
7 64
7 66
7 68
7 18
7 19
7 23
7 24
7 25
7 37
7 38
7 40
7 44
7 46
7 49
7 52
7 57
7 58
7 63
7 66
7 68
8 2
8 6
8 0
8 11
8 12
8 17
8 18
8 28
8 30
8 34
8 37
8 40
8 42
8 46
8 47
8 49
8 54
8 59
8 62
8 64
8 11
8 12
8 13
8 15
8 20
8 22
8 23
8 24
8 26
8 32
8 41
8 42
8 47
8 48
8 49
8 56
8 59
8 61
8 63
8 67
9 0
9 1
9 2
9 4
9 0
9 2
9 3
9 6
9 10
9 15
9 19
9 30
9 31
9 33
9 43
9 64
9 65
9 66
9 68
9 17
9 21
9 23
9 29
9 32
9 33
9 37
9 41
9 44
9 47
9 50
9 51
9 53
9 55
9 59
9 60
9 63
9 65
10 2
10 5
10 6
10 9
10 0
10 1
10 2
10 3
10 4
10 5
10 14
10 18
10 19
10 20
10 21
10 22
10 25
10 27
10 29
10 30
10 32
10 33
10 37
10 41
10 47
10 48
10 50
10 65
10 67
10 15
10 17
10 19
10 35
10 36
10 40
10 42
10 43
10 44
10 45
10 51
10 53
10 55
10 60
10 68
10 69
11 0
11 1
11 3
11 5
11 8
11 3
11 6
11 8
11 12
11 13
11 18
11 20
11 27
11 28
11 33
11 41
11 42
11 43
11 44
11 49
11 51
11 52
11 56
11 62
11 12
11 13
11 16
11 21
11 23
11 30
11 32
11 37
11 39
11 41
11 42
11 46
11 54
11 55
11 56
11 57
11 58
11 60
11 61
11 62
11 68
11 69
12 0
12 7
12 8
12 11
12 8
12 11
12 14
12 15
12 17
12 19
12 20
12 24
12 26
12 27
12 31
12 35
12 36
12 40
12 49
12 51
12 53
12 54
12 57
12 60
12 65
12 17
12 20
12 22
12 23
12 24
12 26
12 30
12 31
12 33
12 37
12 38
12 46
12 47
12 52
12 53
12 54
12 57
12 58
12 59
12 60
12 64
12 67
12 68
12 69
13 1
13 2
13 3
13 5
13 11
13 2
13 8
13 11
13 19
13 20
13 22
13 25
13 26
13 29
13 33
13 37
13 40
13 41
13 45
13 50
13 57
13 58
13 59
13 60
13 61
13 64
13 66
13 67
13 15
13 19
13 21
13 25
13 27
13 28
13 30
13 31
13 34
13 36
13 37
13 40
13 41
13 45
13 46
13 52
13 55
13 56
13 60
13 62
13 64
13 68
13 69
14 0
14 3
14 6
14 10
14 12
14 0
14 20
14 21
14 24
14 25
14 26
14 27
14 37
14 39
14 41
14 49
14 50
14 58
14 59
14 69
14 16
14 19
14 21
14 27
14 34
14 37
14 41
14 44
14 45
14 49
14 51
14 55
14 56
14 68
15 5
15 7
15 9
15 12
15 5
15 6
15 8
15 10
15 13
15 18
15 26
15 28
15 44
15 47
15 52
15 56
15 59
15 63
15 19
15 20
15 21
15 25
15 26
15 29
15 31
15 35
15 36
15 38
15 39
15 40
15 43
15 46
15 48
15 53
15 55
15 57
15 61
15 65
15 69
16 2
16 6
16 1
16 3
16 11
16 14
16 17
16 25
16 26
16 27
16 28
16 29
16 30
16 35
16 54
16 56
16 61
16 64
16 69
16 19
16 22
16 23
16 26
16 28
16 31
16 34
16 38
16 39
16 44
16 45
16 47
16 50
16 54
16 55
16 59
16 61
16 62
16 66
16 67
17 0
17 1
17 8
17 12
17 16
17 0
17 3
17 9
17 10
17 12
17 24
17 30
17 36
17 37
17 47
17 50
17 52
17 53
17 55
17 56
17 61
17 62
17 67
17 18
17 28
17 31
17 34
17 35
17 37
17 38
17 39
17 41
17 44
17 45
17 46
17 47
17 53
17 58
17 60
17 63
17 67
18 0
18 1
18 4
18 8
18 10
18 11
18 15
18 1
18 5
18 7
18 17
18 26
18 28
18 29
18 31
18 35
18 38
18 40
18 46
18 47
18 49
18 51
18 52
18 53
18 56
18 57
18 59
18 62
18 64
18 65
18 68
18 21
18 22
18 24
18 25
18 28
18 34
18 37
18 41
18 43
18 51
18 53
18 68
19 4
19 9
19 10
19 12
19 13
19 5
19 7
19 10
19 13
19 14
19 15
19 16
19 26
19 27
19 39
19 40
19 42
19 45
19 47
19 49
19 51
19 55
19 57
19 61
19 66
19 22
19 24
19 27
19 33
19 38
19 40
19 41
19 47
19 50
19 54
19 60
19 62
19 67
19 68
20 2
20 4
20 5
20 10
20 11
20 12
20 13
20 14
20 0
20 1
20 2
20 5
20 8
20 12
20 15
20 21
20 22
20 25
20 26
20 28
20 29
20 31
20 33
20 34
20 35
20 41
20 47
20 52
20 53
20 55
20 57
20 58
20 61
20 62
20 63
20 68
20 69
20 22
20 27
20 31
20 33
20 34
20 37
20 46
20 47
20 48
20 49
20 53
20 54
20 55
20 57
20 61
20 65
20 67
21 5
21 10
21 14
21 20
21 0
21 3
21 9
21 11
21 13
21 14
21 15
21 18
21 23
21 25
21 28
21 29
21 43
21 48
21 52
21 54
21 56
21 58
21 60
21 63
21 65
21 22
21 31
21 33
21 35
21 36
21 44
21 50
21 52
21 54
21 60
21 64
22 1
22 4
22 6
22 10
22 13
22 20
22 0
22 6
22 8
22 12
22 16
22 18
22 19
22 20
22 21
22 34
22 36
22 38
22 39
22 41
22 43
22 49
22 60
22 61
22 62
22 63
22 68
22 27
22 28
22 29
22 31
22 34
22 38
22 43
22 49
22 52
22 62
22 67
23 0
23 3
23 7
23 21
23 2
23 3
23 7
23 8
23 9
23 11
23 12
23 16
23 24
23 25
23 26
23 30
23 31
23 32
23 33
23 35
23 36
23 38
23 41
23 42
23 43
23 44
23 49
23 51
23 52
23 53
23 59
23 67
23 28
23 34
23 38
23 44
23 46
23 48
23 51
23 53
23 55
23 59
23 60
23 64
23 69
24 5
24 7
24 12
24 14
24 17
24 23
24 2
24 7
24 8
24 12
24 18
24 19
24 27
24 31
24 32
24 37
24 38
24 42
24 49
24 50
24 52
24 54
24 55
24 59
24 62
24 67
24 25
24 26
24 36
24 45
24 51
24 53
24 60
24 63
24 65
24 67
25 0
25 2
25 10
25 13
25 14
25 16
25 20
25 21
25 23
25 6
25 7
25 13
25 15
25 18
25 24
25 29
25 30
25 31
25 33
25 36
25 41
25 45
25 53
25 56
25 60
25 68
25 69
25 26
25 30
25 31
25 34
25 38
25 40
25 53
25 54
25 55
25 57
25 60
25 61
25 63
25 64
25 67
26 12
26 13
26 14
26 15
26 16
26 18
26 19
26 20
26 23
26 2
26 3
26 8
26 12
26 15
26 16
26 24
26 25
26 27
26 30
26 35
26 39
26 40
26 42
26 44
26 50
26 51
26 52
26 53
26 59
26 60
26 64
26 67
26 68
26 28
26 32
26 36
26 38
26 42
26 48
26 50
26 51
26 60
26 63
27 0
27 10
27 11
27 12
27 14
27 16
27 19
27 24
27 26
27 1
27 13
27 14
27 19
27 20
27 22
27 30
27 31
27 39
27 44
27 46
27 49
27 51
27 53
27 58
27 60
27 61
27 63
27 29
27 30
27 34
27 35
27 41
27 45
27 50
27 59
27 63
27 66
27 68
27 69
28 0
28 4
28 6
28 8
28 11
28 15
28 16
28 18
28 20
28 21
28 13
28 16
28 17
28 18
28 22
28 23
28 26
28 30
28 31
28 32
28 43
28 46
28 48
28 50
28 55
28 63
28 65
28 66
28 67
28 29
28 34
28 38
28 40
28 47
28 52
28 54
28 57
28 59
28 62
28 64
29 3
29 10
29 13
29 16
29 18
29 20
29 21
29 25
29 0
29 9
29 15
29 22
29 27
29 28
29 31
29 32
29 37
29 46
29 50
29 54
29 56
29 59
29 63
29 68
29 34
29 40
29 43
29 46
29 48
29 49
29 55
29 57
29 58
29 60
29 68
30 1
30 7
30 8
30 9
30 10
30 16
30 17
30 23
30 25
30 26
30 27
30 28
30 1
30 4
30 5
30 6
30 11
30 12
30 13
30 25
30 27
30 36
30 38
30 40
30 42
30 44
30 47
30 52
30 54
30 55
30 56
30 61
30 62
30 64
30 66
30 69
30 37
30 38
30 40
30 41
30 44
30 45
30 49
30 51
30 53
30 58
30 59
30 63
30 66
30 69
31 0
31 1
31 9
31 12
31 18
31 20
31 23
31 24
31 25
31 27
31 28
31 29
31 12
31 13
31 15
31 16
31 17
31 20
31 21
31 22
31 25
31 32
31 36
31 37
31 41
31 44
31 50
31 61
31 66
31 69
31 35
31 36
31 37
31 38
31 42
31 46
31 47
31 48
31 53
31 58
31 62
31 65
32 1
32 4
32 10
32 23
32 24
32 28
32 29
32 31
32 5
32 8
32 9
32 11
32 26
32 33
32 35
32 43
32 47
32 51
32 54
32 58
32 59
32 60
32 63
32 64
32 68
32 69
32 33
32 34
32 36
32 42
32 45
32 52
32 54
32 55
32 57
32 60
32 68
32 69
33 0
33 3
33 5
33 7
33 9
33 10
33 11
33 13
33 20
33 23
33 25
33 32
33 0
33 1
33 5
33 6
33 9
33 12
33 19
33 20
33 21
33 32
33 35
33 44
33 46
33 52
33 53
33 55
33 56
33 61
33 62
33 64
33 67
33 68
33 69
33 34
33 37
33 39
33 41
33 46
33 50
33 52
33 53
33 56
33 58
33 59
33 60
33 66
34 2
34 6
34 8
34 20
34 22
34 2
34 3
34 5
34 13
34 14
34 16
34 17
34 18
34 20
34 22
34 23
34 25
34 27
34 28
34 29
34 32
34 33
34 35
34 36
34 37
34 39
34 40
34 43
34 45
34 46
34 49
34 50
34 56
34 59
34 65
34 68
34 35
34 38
34 43
34 45
34 47
34 50
34 51
34 52
34 55
34 58
34 59
34 65
35 3
35 5
35 12
35 16
35 18
35 20
35 23
35 26
35 32
35 33
35 34
35 0
35 2
35 10
35 15
35 17
35 21
35 27
35 31
35 34
35 43
35 45
35 46
35 48
35 49
35 51
35 52
35 54
35 56
35 60
35 62
35 69
35 36
35 39
35 42
35 45
35 46
35 47
35 53
35 57
35 58
35 62
35 63
36 0
36 6
36 7
36 12
36 17
36 22
36 23
36 25
36 30
36 31
36 34
36 5
36 10
36 13
36 15
36 21
36 24
36 26
36 31
36 32
36 35
36 41
36 46
36 49
36 51
36 59
36 60
36 63
36 64
36 65
36 42
36 44
36 46
36 51
36 53
36 55
36 56
36 60
36 67
36 69
37 0
37 3
37 4
37 6
37 7
37 8
37 10
37 13
37 14
37 17
37 24
37 29
37 31
37 34
37 1
37 7
37 9
37 11
37 12
37 13
37 14
37 17
37 18
37 20
37 30
37 31
37 33
37 40
37 45
37 46
37 50
37 51
37 52
37 54
37 55
37 40
37 41
37 44
37 48
37 54
37 55
37 56
37 64
37 68
38 7
38 18
38 22
38 23
38 24
38 30
38 3
38 7
38 12
38 15
38 16
38 17
38 19
38 22
38 23
38 25
38 26
38 28
38 30
38 31
38 34
38 39
38 42
38 45
38 47
38 48
38 53
38 55
38 57
38 60
38 43
38 45
38 46
38 49
38 52
38 56
38 64
39 0
39 1
39 3
39 14
39 19
39 22
39 26
39 27
39 34
39 38
39 0
39 1
39 2
39 5
39 6
39 11
39 15
39 16
39 17
39 33
39 35
39 44
39 45
39 46
39 47
39 49
39 53
39 56
39 61
39 64
39 69
39 40
39 41
39 47
39 55
39 58
39 59
39 64
39 66
40 7
40 8
40 12
40 13
40 18
40 19
40 26
40 30
40 34
40 37
40 1
40 3
40 4
40 7
40 10
40 13
40 15
40 19
40 25
40 28
40 29
40 30
40 37
40 39
40 41
40 50
40 53
40 54
40 55
40 56
40 67
40 42
40 44
40 48
40 54
40 57
40 58
40 63
41 1
41 2
41 3
41 4
41 6
41 10
41 11
41 13
41 14
41 20
41 22
41 23
41 25
41 31
41 36
41 40
41 3
41 8
41 9
41 11
41 13
41 14
41 17
41 18
41 19
41 27
41 30
41 33
41 37
41 39
41 47
41 51
41 57
41 59
41 62
41 45
41 46
41 47
41 48
41 50
41 51
41 53
41 54
41 59
41 60
41 61
41 64
41 66
41 69
42 3
42 8
42 11
42 19
42 23
42 24
42 26
42 30
42 38
42 1
42 2
42 3
42 8
42 10
42 11
42 26
42 31
42 32
42 35
42 36
42 40
42 44
42 49
42 51
42 52
42 56
42 60
42 61
42 44
42 46
42 49
42 50
42 51
42 53
42 57
42 59
42 65
42 68
43 7
43 9
43 11
43 21
43 22
43 23
43 28
43 32
43 34
43 35
43 3
43 10
43 15
43 18
43 22
43 29
43 34
43 38
43 45
43 46
43 47
43 51
43 68
43 69
43 44
43 47
43 48
43 52
43 55
43 60
43 61
43 65
43 68
44 0
44 4
44 5
44 11
44 15
44 23
44 26
44 27
44 30
44 31
44 33
44 39
44 42
44 0
44 7
44 9
44 10
44 14
44 16
44 17
44 21
44 23
44 30
44 36
44 37
44 40
44 42
44 43
44 52
44 54
44 60
44 62
44 63
44 65
44 67
44 49
44 54
44 62
44 68
45 1
45 5
45 7
45 13
45 19
45 25
45 34
45 35
45 37
45 38
45 39
45 43
45 2
45 5
45 10
45 13
45 14
45 16
45 17
45 24
45 27
45 30
45 32
45 34
45 35
45 38
45 41
45 46
45 48
45 49
45 53
45 58
45 61
45 63
45 64
45 66
45 68
45 46
45 48
45 52
45 53
45 65
45 66
46 0
46 1
46 3
46 7
46 8
46 18
46 27
46 28
46 29
46 33
46 34
46 35
46 36
46 37
46 39
46 43
46 45
46 2
46 3
46 5
46 7
46 11
46 12
46 13
46 15
46 17
46 20
46 23
46 29
46 31
46 33
46 35
46 36
46 38
46 41
46 42
46 45
46 49
46 54
46 55
46 56
46 57
46 59
46 60
46 64
46 66
46 54
46 58
46 65
46 67
46 69
47 3
47 8
47 10
47 15
47 17
47 18
47 19
47 20
47 30
47 32
47 38
47 39
47 41
47 43
47 4
47 8
47 9
47 12
47 16
47 17
47 19
47 20
47 28
47 31
47 34
47 35
47 39
47 41
47 43
47 52
47 53
47 54
47 56
47 59
47 62
47 66
47 50
47 51
47 52
47 54
47 58
47 59
47 62
47 66
48 6
48 10
48 21
48 28
48 35
48 38
48 45
48 3
48 5
48 6
48 8
48 15
48 20
48 23
48 26
48 29
48 31
48 37
48 40
48 41
48 43
48 45
48 49
48 58
48 60
48 65
48 66
48 67
48 69
48 50
48 54
48 55
48 61
48 62
48 67
48 68
49 3
49 5
49 7
49 8
49 11
49 12
49 14
49 18
49 19
49 22
49 23
49 24
49 27
49 34
49 35
49 36
49 39
49 42
49 45
49 46
49 48
49 2
49 5
49 7
49 8
49 14
49 20
49 22
49 29
49 30
49 38
49 42
49 44
49 51
49 52
49 60
49 68
49 69
49 50
49 51
49 54
49 55
49 65
49 66
50 5
50 10
50 13
50 14
50 17
50 24
50 26
50 28
50 29
50 31
50 34
50 37
50 40
50 3
50 4
50 5
50 9
50 16
50 19
50 21
50 26
50 27
50 33
50 34
50 41
50 42
50 47
50 48
50 49
50 51
50 55
50 58
50 64
50 66
50 68
50 52
50 55
50 59
50 61
50 67
50 68
51 1
51 7
51 11
51 12
51 18
51 19
51 23
51 26
51 27
51 32
51 35
51 36
51 37
51 41
51 42
51 43
51 49
51 50
51 2
51 5
51 9
51 10
51 14
51 18
51 23
51 24
51 26
51 30
51 34
51 36
51 41
51 42
51 47
51 49
51 57
51 60
51 61
51 62
51 63
51 65
51 66
51 69
51 52
51 53
51 57
51 58
51 60
51 61
51 63
52 2
52 3
52 4
52 6
52 11
52 15
52 17
52 18
52 20
52 21
52 23
52 24
52 26
52 30
52 33
52 35
52 37
52 42
52 44
52 47
52 49
52 3
52 5
52 7
52 12
52 13
52 21
52 22
52 28
52 32
52 33
52 34
52 38
52 43
52 45
52 47
52 50
52 51
52 54
52 57
52 59
52 62
52 66
52 54
52 57
52 61
52 62
52 63
52 67
53 0
53 5
53 6
53 7
53 12
53 17
53 18
53 20
53 23
53 25
53 26
53 27
53 33
53 38
53 39
53 40
53 45
53 47
53 9
53 10
53 12
53 15
53 17
53 18
53 20
53 23
53 24
53 25
53 30
53 31
53 33
53 35
53 36
53 41
53 42
53 45
53 51
53 54
53 56
53 57
53 59
53 60
53 66
53 69
53 54
53 55
53 56
53 59
53 61
53 62
53 64
53 66
53 68
54 0
54 2
54 5
54 8
54 12
54 16
54 21
54 24
54 29
54 30
54 32
54 35
54 37
54 40
54 44
54 46
54 47
54 52
54 53
54 0
54 2
54 4
54 11
54 12
54 16
54 19
54 20
54 21
54 25
54 28
54 32
54 37
54 40
54 41
54 44
54 46
54 47
54 48
54 49
54 52
54 53
54 58
54 60
54 61
54 69
54 57
54 59
54 69
55 3
55 17
55 19
55 20
55 24
55 28
55 30
55 33
55 37
55 38
55 40
55 46
55 50
55 0
55 2
55 4
55 5
55 9
55 10
55 11
55 13
55 14
55 15
55 16
55 20
55 23
55 25
55 29
55 32
55 34
55 36
55 37
55 39
55 43
55 48
55 49
55 50
55 53
55 60
55 61
55 63
55 57
55 59
55 60
55 62
55 64
56 4
56 5
56 6
56 11
56 15
56 16
56 17
56 18
56 21
56 25
56 29
56 30
56 33
56 34
56 35
56 39
56 40
56 42
56 46
56 47
56 53
56 5
56 8
56 11
56 13
56 14
56 33
56 36
56 37
56 38
56 53
56 57
56 59
56 62
56 66
56 69
56 62
56 66
56 68
57 7
57 12
57 13
57 18
57 19
57 20
57 38
57 41
57 46
57 51
57 52
57 53
57 56
57 0
57 3
57 5
57 6
57 7
57 11
57 12
57 15
57 20
57 25
57 28
57 29
57 32
57 35
57 40
57 42
57 51
57 52
57 54
57 55
57 61
57 67
57 68
57 60
57 63
57 67
57 69
58 1
58 4
58 6
58 13
58 14
58 20
58 21
58 27
58 32
58 45
58 48
58 50
58 54
58 0
58 4
58 5
58 7
58 11
58 12
58 17
58 29
58 30
58 31
58 33
58 34
58 35
58 39
58 40
58 46
58 47
58 51
58 59
58 61
58 62
58 64
58 65
58 59
58 60
58 61
58 67
59 0
59 8
59 13
59 14
59 15
59 18
59 23
59 24
59 26
59 29
59 32
59 34
59 36
59 41
59 46
59 47
59 52
59 53
59 56
59 58
59 4
59 5
59 6
59 8
59 9
59 12
59 16
59 23
59 27
59 28
59 30
59 33
59 34
59 39
59 41
59 42
59 47
59 50
59 53
59 54
59 55
59 58
59 60
59 61
59 62
59 63
59 64
60 0
60 1
60 12
60 13
60 21
60 22
60 25
60 26
60 27
60 32
60 35
60 36
60 38
60 42
60 44
60 46
60 48
60 49
60 51
60 53
60 54
60 55
60 59
60 2
60 3
60 9
60 10
60 11
60 12
60 13
60 17
60 19
60 21
60 23
60 24
60 25
60 26
60 29
60 32
60 33
60 36
60 41
60 43
60 51
60 55
60 57
60 58
60 64
60 65
61 0
61 3
61 13
61 16
61 17
61 19
61 20
61 22
61 27
61 30
61 31
61 33
61 39
61 42
61 45
61 51
61 54
61 55
61 57
61 58
61 0
61 2
61 5
61 8
61 11
61 15
61 16
61 20
61 25
61 41
61 43
61 48
61 50
61 51
61 52
61 53
61 58
61 59
61 69
61 62
61 68
61 69
62 2
62 4
62 6
62 7
62 8
62 11
62 17
62 18
62 20
62 22
62 24
62 30
62 33
62 35
62 41
62 44
62 47
62 51
62 52
62 56
62 58
62 0
62 1
62 3
62 6
62 11
62 13
62 16
62 19
62 22
62 28
62 31
62 35
62 44
62 47
62 48
62 52
62 53
62 55
62 56
62 59
62 61
62 63
62 64
62 65
62 66
62 67
62 63
62 65
62 67
63 1
63 6
63 7
63 15
63 20
63 21
63 22
63 27
63 28
63 29
63 32
63 36
63 44
63 45
63 51
63 55
63 62
63 1
63 2
63 5
63 7
63 8
63 9
63 17
63 24
63 25
63 26
63 27
63 30
63 35
63 40
63 51
63 52
63 57
63 59
63 62
63 66
63 69
63 67
64 5
64 7
64 8
64 9
64 13
64 16
64 18
64 26
64 30
64 32
64 33
64 36
64 39
64 45
64 46
64 50
64 58
64 62
64 0
64 1
64 2
64 12
64 13
64 21
64 23
64 25
64 28
64 37
64 38
64 39
64 41
64 53
64 55
64 59
64 60
64 67
64 69
64 67
65 0
65 3
65 9
65 10
65 12
65 18
65 21
65 28
65 34
65 36
65 44
65 48
65 51
65 58
65 62
65 9
65 15
65 20
65 24
65 31
65 34
65 42
65 43
65 45
65 46
65 49
65 60
65 62
66 0
66 1
66 7
66 9
66 13
66 19
66 28
66 30
66 31
66 45
66 46
66 47
66 48
66 50
66 51
66 52
66 53
66 56
66 62
66 63
66 6
66 7
66 16
66 27
66 30
66 33
66 39
66 41
66 45
66 47
66 49
66 53
66 56
66 67
67 0
67 5
67 10
67 13
67 17
67 23
67 24
67 26
67 28
67 33
67 40
67 44
67 48
67 57
67 62
67 64
67 66
67 2
67 4
67 5
67 8
67 12
67 16
67 17
67 19
67 20
67 22
67 24
67 25
67 36
67 46
67 48
67 50
67 52
67 57
67 58
67 62
67 63
67 64
68 0
68 1
68 4
68 7
68 9
68 18
68 20
68 22
68 25
68 26
68 29
68 32
68 33
68 34
68 43
68 45
68 49
68 50
68 57
68 7
68 10
68 11
68 12
68 13
68 14
68 18
68 19
68 27
68 29
68 32
68 37
68 42
68 43
68 44
68 48
68 50
68 53
68 56
68 61
69 2
69 14
69 16
69 20
69 25
69 30
69 31
69 32
69 33
69 35
69 39
69 43
69 48
69 49
69 51
69 53
69 54
69 56
69 61
69 63
69 64
69 2
69 10
69 11
69 12
69 13
69 15
69 23
69 27
69 30
69 32
69 36
69 41
69 46
69 54
69 57
69 61
