0 6
0 12
0 13
0 18
0 22
0 31
0 35
0 41
0 47
0 52
0 53
0 59
0 63
0 64
0 65
0 71
0 72
0 74
0 77
0 80
0 82
0 85
0 88
0 91
0 92
0 93
0 5
0 17
0 20
0 22
0 24
0 26
0 28
0 31
0 33
0 38
0 39
0 43
0 44
0 48
0 49
0 50
0 56
0 57
0 60
0 63
0 65
0 71
0 74
0 93
0 98
1 2
1 7
1 13
1 14
1 17
1 21
1 25
1 31
1 39
1 45
1 46
1 54
1 55
1 59
1 62
1 65
1 69
1 74
1 78
1 80
1 83
1 87
1 98
1 10
1 13
1 15
1 20
1 27
1 29
1 30
1 35
1 39
1 40
1 44
1 45
1 52
1 53
1 56
1 58
1 60
1 61
1 71
1 72
1 73
1 76
1 80
1 82
1 83
1 86
1 89
1 96
1 98
2 1
2 4
2 8
2 11
2 15
2 17
2 23
2 27
2 32
2 35
2 39
2 40
2 41
2 50
2 52
2 53
2 62
2 64
2 70
2 73
2 75
2 76
2 78
2 81
2 83
2 87
2 92
2 93
2 95
2 5
2 8
2 10
2 11
2 19
2 21
2 24
2 26
2 27
2 31
2 35
2 37
2 38
2 39
2 43
2 45
2 46
2 51
2 52
2 55
2 68
2 69
2 70
2 72
2 74
2 75
2 76
2 80
2 81
2 83
2 85
2 91
2 93
2 96
2 97
2 98
3 17
3 18
3 21
3 22
3 25
3 35
3 42
3 48
3 49
3 59
3 60
3 62
3 63
3 64
3 66
3 71
3 80
3 81
3 83
3 85
3 87
3 88
3 97
3 4
3 15
3 18
3 22
3 23
3 26
3 31
3 34
3 37
3 39
3 41
3 42
3 45
3 46
3 51
3 54
3 60
3 62
3 64
3 67
3 69
3 87
3 91
3 98
4 2
4 3
4 5
4 7
4 10
4 12
4 16
4 17
4 18
4 21
4 29
4 32
4 34
4 35
4 37
4 50
4 51
4 53
4 56
4 58
4 61
4 64
4 67
4 70
4 71
4 74
4 75
4 77
4 80
4 81
4 85
4 90
4 92
4 94
4 95
4 97
4 99
4 7
4 14
4 25
4 29
4 32
4 36
4 37
4 39
4 40
4 43
4 45
4 51
4 53
4 61
4 63
4 65
4 73
4 76
4 77
4 78
4 82
4 94
4 96
5 4
5 0
5 2
5 17
5 18
5 19
5 23
5 25
5 26
5 28
5 29
5 36
5 40
5 42
5 44
5 47
5 50
5 55
5 56
5 57
5 65
5 67
5 68
5 73
5 78
5 79
5 84
5 85
5 89
5 92
5 94
5 98
5 6
5 9
5 11
5 12
5 15
5 21
5 27
5 29
5 37
5 43
5 44
5 52
5 53
5 59
5 60
5 69
5 70
5 75
5 77
5 82
5 89
5 92
6 0
6 5
6 8
6 12
6 14
6 17
6 18
6 22
6 23
6 25
6 28
6 29
6 30
6 31
6 34
6 35
6 43
6 46
6 50
6 60
6 66
6 68
6 74
6 75
6 78
6 84
6 86
6 87
6 90
6 91
6 94
6 95
6 97
6 7
6 14
6 17
6 23
6 27
6 35
6 38
6 41
6 44
6 47
6 49
6 52
6 53
6 55
6 58
6 60
6 61
6 73
6 80
6 83
6 86
6 87
6 90
6 91
6 93
6 94
6 98
7 1
7 4
7 4
7 6
7 9
7 10
7 13
7 19
7 21
7 23
7 25
7 26
7 27
7 28
7 29
7 30
7 33
7 34
7 47
7 48
7 53
7 55
7 63
7 64
7 65
7 71
7 73
7 79
7 80
7 84
7 86
7 87
7 89
7 90
7 91
7 92
7 97
7 14
7 17
7 22
7 24
7 29
7 35
7 36
7 38
7 39
7 40
7 43
7 46
7 48
7 50
7 53
7 63
7 64
7 67
7 68
7 70
7 71
7 73
7 74
7 79
7 84
7 95
7 98
8 2
8 6
8 2
8 10
8 20
8 24
8 26
8 28
8 32
8 34
8 35
8 40
8 43
8 47
8 52
8 55
8 57
8 63
8 64
8 71
8 73
8 74
8 85
8 87
8 88
8 89
8 90
8 97
8 10
8 13
8 15
8 20
8 22
8 25
8 27
8 29
8 31
8 39
8 40
8 41
8 42
8 45
8 59
8 63
8 67
8 69
8 72
8 75
8 80
8 94
8 95
8 99
9 7
9 5
9 10
9 12
9 14
9 15
9 16
9 17
9 19
9 20
9 28
9 33
9 34
9 37
9 38
9 40
9 43
9 49
9 55
9 66
9 67
9 68
9 69
9 73
9 76
9 77
9 79
9 80
9 83
9 85
9 86
9 90
9 10
9 21
9 22
9 23
9 31
9 32
9 33
9 49
9 51
9 53
9 56
9 63
9 65
9 66
9 67
9 69
9 71
9 75
9 76
9 79
9 88
9 89
9 93
9 94
9 98
10 4
10 7
10 8
10 9
10 1
10 2
10 8
10 9
10 13
10 15
10 17
10 19
10 22
10 25
10 27
10 29
10 37
10 40
10 42
10 43
10 46
10 54
10 55
10 57
10 58
10 59
10 61
10 65
10 67
10 71
10 72
10 79
10 84
10 93
10 13
10 15
10 22
10 23
10 24
10 26
10 35
10 39
10 40
10 42
10 44
10 49
10 60
10 62
10 63
10 64
10 69
10 75
10 87
10 91
10 94
11 2
11 2
11 5
11 12
11 15
11 16
11 30
11 38
11 39
11 50
11 51
11 53
11 55
11 56
11 60
11 61
11 72
11 77
11 79
11 81
11 82
11 85
11 87
11 91
11 93
11 94
11 97
11 13
11 16
11 17
11 19
11 20
11 24
11 25
11 29
11 35
11 42
11 43
11 51
11 57
11 60
11 61
11 67
11 68
11 69
11 74
11 75
11 76
11 82
11 83
11 86
11 89
11 91
11 92
11 94
11 95
12 0
12 4
12 6
12 9
12 11
12 5
12 14
12 16
12 35
12 37
12 44
12 48
12 49
12 54
12 55
12 63
12 74
12 75
12 77
12 80
12 84
12 89
12 91
12 94
12 96
12 17
12 18
12 20
12 26
12 27
12 28
12 31
12 32
12 33
12 35
12 38
12 46
12 47
12 49
12 55
12 59
12 61
12 73
12 76
12 77
12 78
12 84
12 88
12 92
12 93
12 95
12 97
12 99
13 0
13 1
13 7
13 10
13 1
13 8
13 10
13 11
13 14
13 16
13 21
13 23
13 24
13 27
13 29
13 35
13 44
13 49
13 53
13 54
13 56
13 57
13 61
13 64
13 65
13 66
13 75
13 86
13 91
13 98
13 17
13 21
13 24
13 31
13 32
13 49
13 53
13 54
13 59
13 68
13 69
13 74
13 79
13 82
13 83
13 84
13 87
13 88
13 96
13 97
14 1
14 6
14 9
14 12
14 13
14 4
14 6
14 7
14 16
14 18
14 19
14 21
14 23
14 27
14 35
14 38
14 43
14 44
14 45
14 51
14 52
14 56
14 66
14 70
14 72
14 74
14 80
14 91
14 93
14 97
14 99
14 16
14 23
14 25
14 26
14 30
14 32
14 37
14 40
14 42
14 47
14 51
14 55
14 61
14 65
14 67
14 69
14 70
14 71
14 75
14 77
14 78
14 83
14 84
14 85
14 89
14 90
15 2
15 9
15 10
15 11
15 1
15 3
15 5
15 8
15 10
15 16
15 17
15 19
15 22
15 23
15 30
15 50
15 58
15 60
15 62
15 64
15 67
15 71
15 72
15 79
15 80
15 82
15 84
15 87
15 95
15 96
15 99
15 18
15 21
15 23
15 31
15 33
15 34
15 38
15 39
15 40
15 42
15 48
15 50
15 53
15 61
15 65
15 66
15 67
15 68
15 69
15 71
15 77
15 78
15 79
15 86
15 88
15 91
15 93
15 97
15 98
15 99
16 4
16 9
16 11
16 12
16 13
16 14
16 15
16 11
16 14
16 17
16 30
16 35
16 37
16 38
16 39
16 44
16 45
16 51
16 59
16 61
16 63
16 67
16 68
16 73
16 74
16 80
16 81
16 83
16 98
16 99
16 22
16 23
16 24
16 26
16 27
16 28
16 30
16 31
16 38
16 40
16 43
16 44
16 46
16 49
16 56
16 67
16 69
16 70
16 71
16 76
16 79
16 80
16 83
16 85
16 88
16 89
16 90
16 92
16 93
16 96
16 97
16 99
17 1
17 2
17 3
17 4
17 5
17 6
17 9
17 10
17 15
17 16
17 0
17 6
17 7
17 11
17 12
17 13
17 18
17 20
17 28
17 29
17 32
17 33
17 34
17 38
17 41
17 42
17 44
17 45
17 46
17 51
17 52
17 58
17 59
17 63
17 68
17 75
17 77
17 83
17 96
17 34
17 38
17 40
17 41
17 42
17 48
17 53
17 65
17 70
17 75
17 76
17 84
17 85
17 88
17 93
17 94
17 97
17 98
17 99
18 0
18 3
18 4
18 5
18 6
18 14
18 17
18 3
18 12
18 15
18 20
18 21
18 33
18 35
18 36
18 38
18 39
18 46
18 50
18 53
18 55
18 56
18 61
18 64
18 68
18 71
18 77
18 83
18 85
18 93
18 94
18 95
18 96
18 97
18 98
18 19
18 22
18 27
18 28
18 33
18 37
18 38
18 39
18 50
18 52
18 53
18 55
18 59
18 62
18 63
18 64
18 67
18 68
18 75
18 85
18 89
18 92
18 94
18 95
18 99
19 5
19 7
19 9
19 10
19 14
19 15
19 2
19 11
19 18
19 20
19 26
19 27
19 28
19 30
19 34
19 35
19 36
19 37
19 38
19 40
19 43
19 48
19 57
19 58
19 62
19 65
19 68
19 69
19 70
19 78
19 81
19 84
19 88
19 89
19 91
19 92
19 93
19 99
19 22
19 25
19 26
19 29
19 35
19 50
19 53
19 54
19 55
19 59
19 61
19 62
19 65
19 67
19 68
19 70
19 75
19 79
19 81
19 91
19 95
19 99
20 8
20 9
20 17
20 18
20 19
20 0
20 1
20 8
20 11
20 12
20 21
20 22
20 23
20 25
20 27
20 35
20 36
20 37
20 38
20 39
20 44
20 47
20 48
20 50
20 51
20 53
20 55
20 58
20 59
20 60
20 61
20 63
20 66
20 68
20 69
20 70
20 72
20 73
20 80
20 81
20 90
20 91
20 92
20 95
20 22
20 24
20 26
20 27
20 30
20 31
20 32
20 36
20 37
20 44
20 45
20 46
20 49
20 52
20 54
20 55
20 59
20 63
20 66
20 74
20 75
20 76
20 82
20 84
20 85
20 86
20 87
20 89
20 91
20 94
20 96
20 97
21 1
21 3
21 4
21 7
21 13
21 14
21 18
21 20
21 2
21 5
21 9
21 13
21 15
21 23
21 25
21 30
21 31
21 37
21 40
21 44
21 45
21 47
21 55
21 56
21 59
21 60
21 62
21 68
21 69
21 72
21 73
21 76
21 77
21 78
21 82
21 89
21 93
21 94
21 95
21 98
21 99
21 28
21 30
21 31
21 43
21 53
21 57
21 60
21 64
21 67
21 68
21 72
21 74
21 75
21 85
21 91
21 92
21 94
21 95
22 0
22 3
22 6
22 10
22 15
22 20
22 0
22 3
22 7
22 8
22 9
22 10
22 16
22 18
22 19
22 20
22 26
22 27
22 28
22 30
22 39
22 43
22 45
22 46
22 48
22 54
22 57
22 60
22 63
22 64
22 65
22 66
22 67
22 70
22 72
22 73
22 74
22 77
22 78
22 80
22 85
22 87
22 98
22 99
22 24
22 30
22 33
22 37
22 40
22 42
22 45
22 46
22 47
22 52
22 54
22 58
22 60
22 61
22 62
22 65
22 67
22 68
22 72
22 73
22 74
22 75
22 80
22 82
22 83
22 84
22 85
22 91
22 93
22 95
22 96
23 2
23 5
23 6
23 7
23 13
23 14
23 15
23 20
23 21
23 3
23 6
23 9
23 10
23 14
23 15
23 16
23 26
23 28
23 30
23 31
23 37
23 38
23 45
23 46
23 47
23 48
23 51
23 52
23 53
23 61
23 68
23 70
23 73
23 75
23 76
23 78
23 82
23 85
23 87
23 88
23 90
23 93
23 94
23 96
23 29
23 32
23 40
23 45
23 46
23 54
23 56
23 61
23 64
23 65
23 67
23 73
23 74
23 76
23 78
23 79
23 86
23 89
23 91
23 93
23 98
23 99
24 8
24 13
24 0
24 2
24 7
24 10
24 11
24 13
24 16
24 20
24 22
24 27
24 29
24 32
24 37
24 38
24 48
24 49
24 51
24 58
24 59
24 61
24 65
24 66
24 72
24 75
24 77
24 85
24 91
24 92
24 95
24 99
24 29
24 33
24 36
24 40
24 41
24 43
24 45
24 47
24 48
24 53
24 58
24 59
24 62
24 66
24 67
24 68
24 69
24 72
24 75
24 76
24 77
24 84
24 89
24 93
24 94
24 98
25 1
25 3
25 5
25 6
25 7
25 10
25 20
25 21
25 4
25 8
25 11
25 14
25 19
25 30
25 31
25 34
25 35
25 43
25 45
25 49
25 50
25 54
25 55
25 59
25 63
25 67
25 73
25 81
25 85
25 89
25 90
25 97
25 98
25 26
25 31
25 40
25 45
25 53
25 55
25 57
25 59
25 61
25 73
25 85
25 88
25 98
25 99
26 5
26 7
26 8
26 19
26 22
26 23
26 0
26 2
26 3
26 10
26 12
26 14
26 16
26 19
26 20
26 25
26 27
26 28
26 35
26 36
26 37
26 38
26 40
26 42
26 47
26 50
26 52
26 53
26 56
26 69
26 72
26 74
26 75
26 87
26 90
26 91
26 97
26 30
26 35
26 38
26 44
26 45
26 52
26 55
26 58
26 59
26 65
26 70
26 72
26 75
26 76
26 77
26 85
26 86
26 87
26 90
26 93
26 95
26 96
27 2
27 7
27 10
27 13
27 14
27 19
27 20
27 22
27 24
27 26
27 1
27 2
27 5
27 6
27 8
27 12
27 16
27 18
27 20
27 29
27 36
27 38
27 40
27 43
27 46
27 51
27 56
27 57
27 60
27 61
27 62
27 65
27 69
27 71
27 74
27 78
27 80
27 85
27 86
27 88
27 93
27 97
27 98
27 28
27 29
27 31
27 32
27 36
27 37
27 38
27 43
27 47
27 50
27 51
27 52
27 54
27 57
27 63
27 64
27 65
27 72
27 76
27 86
27 88
27 92
27 94
27 95
27 98
28 5
28 6
28 7
28 8
28 9
28 17
28 19
28 22
28 23
28 26
28 0
28 12
28 16
28 18
28 21
28 27
28 29
28 35
28 41
28 42
28 43
28 45
28 49
28 50
28 55
28 57
28 58
28 59
28 62
28 65
28 66
28 67
28 73
28 74
28 75
28 84
28 85
28 88
28 91
28 94
28 37
28 39
28 41
28 42
28 44
28 45
28 47
28 49
28 50
28 51
28 52
28 53
28 54
28 55
28 59
28 64
28 69
28 71
28 79
28 82
28 83
28 84
28 85
28 86
28 89
28 90
29 4
29 5
29 6
29 7
29 10
29 13
29 17
29 24
29 27
29 28
29 1
29 4
29 5
29 7
29 8
29 11
29 19
29 23
29 24
29 27
29 33
29 36
29 41
29 47
29 49
29 51
29 61
29 62
29 72
29 77
29 79
29 80
29 87
29 88
29 92
29 95
29 99
29 35
29 36
29 40
29 44
29 45
29 46
29 58
29 64
29 71
29 73
29 76
29 79
29 81
29 84
29 89
29 96
30 6
30 7
30 11
30 15
30 16
30 19
30 21
30 22
30 23
30 25
30 1
30 14
30 16
30 20
30 21
30 22
30 26
30 31
30 32
30 35
30 36
30 41
30 47
30 51
30 59
30 63
30 64
30 66
30 67
30 68
30 69
30 71
30 72
30 75
30 83
30 90
30 94
30 98
30 32
30 34
30 35
30 36
30 37
30 39
30 49
30 57
30 65
30 69
30 71
30 72
30 73
30 76
30 80
30 81
30 85
30 90
30 93
30 98
31 0
31 1
31 6
31 21
31 23
31 25
31 30
31 0
31 2
31 3
31 8
31 9
31 12
31 13
31 15
31 16
31 20
31 21
31 25
31 27
31 36
31 37
31 38
31 41
31 45
31 47
31 48
31 52
31 54
31 55
31 63
31 64
31 66
31 71
31 72
31 74
31 75
31 80
31 81
31 82
31 87
31 93
31 32
31 33
31 44
31 45
31 52
31 53
31 57
31 58
31 59
31 61
31 63
31 65
31 67
31 70
31 72
31 78
31 82
31 84
31 85
31 87
31 96
31 98
32 2
32 4
32 8
32 17
32 24
32 30
32 4
32 9
32 12
32 13
32 14
32 20
32 23
32 27
32 30
32 31
32 34
32 35
32 46
32 51
32 52
32 54
32 55
32 57
32 59
32 71
32 72
32 73
32 76
32 77
32 82
32 83
32 90
32 94
32 38
32 40
32 41
32 47
32 52
32 53
32 56
32 58
32 59
32 61
32 68
32 69
32 70
32 71
32 74
32 77
32 78
32 83
32 84
32 86
32 94
32 96
32 97
33 7
33 9
33 17
33 18
33 29
33 0
33 9
33 12
33 15
33 18
33 22
33 24
33 31
33 34
33 37
33 39
33 45
33 49
33 54
33 60
33 67
33 68
33 71
33 74
33 75
33 79
33 80
33 83
33 88
33 89
33 90
33 91
33 93
33 34
33 35
33 43
33 47
33 48
33 50
33 59
33 60
33 61
33 62
33 66
33 67
33 69
33 72
33 76
33 86
33 87
33 88
33 89
33 90
33 93
33 98
34 4
34 6
34 7
34 8
34 9
34 17
34 19
34 25
34 32
34 33
34 3
34 15
34 17
34 30
34 33
34 40
34 41
34 42
34 48
34 49
34 50
34 59
34 60
34 65
34 66
34 67
34 70
34 71
34 72
34 74
34 76
34 77
34 79
34 82
34 88
34 89
34 92
34 95
34 96
34 97
34 99
34 35
34 48
34 49
34 53
34 54
34 59
34 61
34 64
34 65
34 66
34 72
34 74
34 76
34 77
34 78
34 80
34 94
34 95
35 0
35 2
35 3
35 4
35 6
35 8
35 12
35 13
35 14
35 16
35 18
35 19
35 20
35 25
35 26
35 28
35 30
35 32
35 1
35 2
35 6
35 7
35 10
35 11
35 12
35 19
35 26
35 29
35 30
35 33
35 34
35 36
35 40
35 42
35 46
35 51
35 52
35 55
35 60
35 64
35 65
35 70
35 74
35 76
35 77
35 79
35 82
35 88
35 89
35 94
35 95
35 98
35 38
35 39
35 40
35 41
35 44
35 46
35 56
35 58
35 66
35 69
35 75
35 80
35 81
35 82
35 89
35 90
35 92
35 98
35 99
36 5
36 18
36 19
36 20
36 26
36 27
36 29
36 30
36 31
36 35
36 4
36 7
36 20
36 24
36 27
36 29
36 30
36 38
36 41
36 45
36 48
36 50
36 51
36 54
36 63
36 66
36 71
36 74
36 77
36 79
36 87
36 91
36 92
36 37
36 38
36 40
36 44
36 54
36 57
36 59
36 76
36 79
36 80
36 83
36 84
36 86
36 87
36 90
36 92
36 95
37 4
37 9
37 10
37 12
37 16
37 19
37 20
37 21
37 23
37 24
37 26
37 31
37 33
37 2
37 3
37 4
37 5
37 14
37 18
37 20
37 22
37 27
37 28
37 30
37 36
37 39
37 41
37 44
37 47
37 56
37 62
37 66
37 67
37 68
37 70
37 72
37 76
37 77
37 79
37 81
37 92
37 96
37 38
37 39
37 46
37 48
37 50
37 52
37 53
37 54
37 58
37 60
37 61
37 62
37 63
37 69
37 73
37 75
37 79
37 83
37 93
37 94
37 96
37 97
37 99
38 9
38 11
38 14
38 16
38 17
38 18
38 19
38 20
38 23
38 24
38 26
38 27
38 31
38 36
38 0
38 2
38 6
38 7
38 12
38 15
38 16
38 17
38 18
38 26
38 27
38 32
38 35
38 36
38 37
38 40
38 44
38 47
38 49
38 53
38 59
38 60
38 64
38 73
38 75
38 76
38 78
38 80
38 81
38 87
38 89
38 93
38 94
38 95
38 41
38 49
38 52
38 61
38 64
38 66
38 68
38 69
38 70
38 71
38 75
38 79
38 80
38 81
38 86
38 88
38 89
38 92
38 93
38 94
38 97
39 1
39 2
39 11
39 16
39 18
39 20
39 22
39 33
39 37
39 0
39 1
39 2
39 3
39 4
39 7
39 8
39 10
39 15
39 18
39 28
39 30
39 35
39 37
39 40
39 46
39 47
39 48
39 51
39 52
39 71
39 77
39 80
39 81
39 84
39 89
39 93
39 96
39 99
39 42
39 43
39 50
39 51
39 59
39 64
39 66
39 72
39 79
39 82
39 84
39 88
39 93
39 94
39 95
40 2
40 5
40 8
40 9
40 10
40 19
40 21
40 26
40 27
40 34
40 35
40 38
40 39
40 1
40 4
40 7
40 8
40 10
40 14
40 15
40 16
40 17
40 22
40 23
40 24
40 25
40 29
40 32
40 35
40 36
40 42
40 44
40 46
40 49
40 53
40 57
40 59
40 65
40 70
40 71
40 75
40 76
40 82
40 90
40 92
40 41
40 43
40 44
40 46
40 48
40 49
40 58
40 63
40 64
40 66
40 68
40 69
40 77
40 81
40 83
40 85
40 88
40 93
40 98
40 99
41 0
41 2
41 17
41 28
41 29
41 30
41 31
41 34
41 36
41 37
41 3
41 6
41 8
41 17
41 24
41 28
41 32
41 35
41 38
41 40
41 46
41 49
41 51
41 56
41 57
41 66
41 67
41 69
41 70
41 71
41 73
41 74
41 75
41 79
41 80
41 85
41 91
41 98
41 99
41 42
41 46
41 48
41 49
41 50
41 51
41 54
41 56
41 63
41 68
41 71
41 80
41 83
41 84
41 85
41 86
41 88
41 90
41 91
41 96
41 97
42 3
42 5
42 10
42 17
42 26
42 28
42 34
42 35
42 40
42 3
42 8
42 10
42 11
42 14
42 15
42 17
42 22
42 28
42 39
42 41
42 45
42 46
42 49
42 57
42 58
42 61
42 62
42 68
42 70
42 78
42 79
42 82
42 83
42 86
42 92
42 95
42 98
42 45
42 48
42 55
42 61
42 71
42 75
42 76
42 77
42 90
42 91
42 94
42 95
42 99
43 6
43 8
43 9
43 10
43 14
43 19
43 22
43 25
43 27
43 28
43 0
43 2
43 4
43 5
43 7
43 11
43 16
43 21
43 24
43 27
43 33
43 39
43 40
43 44
43 45
43 49
43 51
43 56
43 58
43 59
43 60
43 62
43 64
43 66
43 68
43 78
43 81
43 94
43 96
43 45
43 55
43 56
43 62
43 63
43 65
43 69
43 71
43 73
43 78
43 82
43 86
43 88
43 90
43 91
43 98
43 99
44 5
44 12
44 13
44 14
44 16
44 17
44 20
44 21
44 37
44 38
44 40
44 43
44 0
44 1
44 5
44 6
44 10
44 16
44 20
44 26
44 28
44 29
44 31
44 35
44 36
44 40
44 45
44 47
44 49
44 59
44 63
44 68
44 73
44 77
44 82
44 87
44 89
44 92
44 94
44 60
44 62
44 63
44 64
44 66
44 68
44 72
44 77
44 79
44 80
44 82
44 86
44 88
44 89
44 92
44 93
44 94
44 95
45 1
45 14
45 16
45 17
45 21
45 22
45 23
45 25
45 28
45 31
45 33
45 36
45 42
45 43
45 44
45 1
45 2
45 3
45 4
45 8
45 20
45 22
45 23
45 24
45 25
45 26
45 28
45 29
45 31
45 42
45 43
45 46
45 47
45 49
45 58
45 59
45 67
45 70
45 72
45 75
45 80
45 83
45 84
45 85
45 88
45 89
45 91
45 92
45 94
45 96
45 99
45 46
45 49
45 52
45 53
45 54
45 64
45 67
45 74
45 81
45 87
45 91
45 97
46 1
46 6
46 10
46 17
46 18
46 22
46 23
46 27
46 32
46 35
46 39
46 40
46 41
46 42
46 45
46 2
46 3
46 7
46 12
46 16
46 20
46 22
46 23
46 29
46 35
46 37
46 40
46 41
46 45
46 49
46 56
46 61
46 69
46 71
46 75
46 76
46 81
46 84
46 90
46 92
46 96
46 49
46 51
46 52
46 57
46 59
46 65
46 67
46 79
46 81
46 82
46 86
46 88
46 94
46 98
47 0
47 5
47 7
47 8
47 20
47 21
47 23
47 26
47 29
47 30
47 31
47 37
47 38
47 39
47 44
47 45
47 6
47 12
47 14
47 22
47 24
47 27
47 28
47 32
47 33
47 49
47 50
47 56
47 59
47 60
47 61
47 69
47 72
47 74
47 77
47 82
47 86
47 98
47 51
47 52
47 53
47 54
47 59
47 64
47 67
47 71
47 73
47 75
47 78
47 79
47 85
47 91
47 93
47 96
47 99
48 3
48 7
48 12
48 19
48 20
48 22
48 23
48 24
48 31
48 34
48 36
48 39
48 0
48 7
48 15
48 17
48 24
48 33
48 34
48 37
48 40
48 41
48 42
48 51
48 52
48 58
48 59
48 65
48 69
48 70
48 76
48 77
48 80
48 84
48 85
48 88
48 93
48 60
48 61
48 64
48 73
48 74
48 76
48 84
48 88
48 92
48 96
48 97
49 3
49 9
49 12
49 13
49 24
49 25
49 28
49 29
49 33
49 34
49 38
49 40
49 41
49 42
49 43
49 44
49 45
49 46
49 47
49 0
49 6
49 9
49 10
49 12
49 13
49 16
49 20
49 28
49 30
49 34
49 38
49 40
49 41
49 45
49 46
49 50
49 52
49 55
49 56
49 60
49 63
49 68
49 69
49 73
49 74
49 76
49 77
49 78
49 83
49 84
49 85
49 89
49 92
49 98
49 99
49 55
49 60
49 61
49 65
49 71
49 72
49 74
49 78
49 79
49 80
49 81
49 82
49 84
49 85
49 90
49 91
49 93
49 94
50 2
50 4
50 5
50 6
50 11
50 15
50 18
50 20
50 25
50 26
50 28
50 34
50 36
50 47
50 49
50 0
50 7
50 15
50 18
50 19
50 27
50 28
50 33
50 37
50 39
50 41
50 51
50 63
50 67
50 82
50 84
50 96
50 97
50 99
50 51
50 52
50 60
50 62
50 64
50 67
50 69
50 71
50 72
50 74
50 82
50 83
50 88
50 96
50 99
51 4
51 11
51 14
51 16
51 17
51 20
51 23
51 24
51 27
51 29
51 30
51 32
51 35
51 36
51 39
51 41
51 43
51 48
51 50
51 2
51 3
51 4
51 9
51 11
51 14
51 27
51 28
51 39
51 41
51 46
51 47
51 50
51 52
51 54
51 59
51 64
51 65
51 68
51 71
51 77
51 78
51 79
51 87
51 89
51 91
51 92
51 94
51 56
51 63
51 65
51 70
51 73
51 78
51 79
51 85
51 86
51 93
51 94
51 95
51 96
52 0
52 2
52 8
52 14
52 17
52 23
52 26
52 31
52 32
52 35
52 39
52 48
52 49
52 51
52 1
52 2
52 5
52 6
52 18
52 20
52 22
52 26
52 27
52 28
52 31
52 32
52 37
52 38
52 45
52 46
52 47
52 50
52 57
52 58
52 59
52 70
52 74
52 75
52 79
52 80
52 88
52 90
52 93
52 94
52 95
52 56
52 57
52 59
52 63
52 64
52 66
52 68
52 69
52 73
52 80
52 87
52 90
52 93
53 0
53 2
53 4
53 7
53 11
53 13
53 18
53 20
53 23
53 26
53 38
53 40
53 1
53 4
53 5
53 6
53 7
53 9
53 13
53 15
53 17
53 18
53 19
53 21
53 24
53 25
53 28
53 31
53 32
53 34
53 37
53 45
53 47
53 54
53 57
53 59
53 60
53 62
53 67
53 68
53 69
53 71
53 77
53 78
53 83
53 84
53 89
53 92
53 94
53 95
53 99
53 55
53 56
53 57
53 60
53 69
53 82
53 83
53 85
53 88
53 90
53 91
53 93
53 96
54 1
54 10
54 12
54 13
54 22
54 25
54 31
54 32
54 33
54 36
54 51
54 53
54 3
54 13
54 19
54 20
54 22
54 23
54 27
54 28
54 34
54 36
54 37
54 41
54 45
54 47
54 56
54 58
54 66
54 67
54 71
54 79
54 85
54 89
54 92
54 93
54 96
54 55
54 56
54 58
54 65
54 85
54 89
54 91
54 94
54 95
55 1
55 5
55 7
55 8
55 9
55 10
55 11
55 12
55 18
55 20
55 21
55 25
55 28
55 31
55 32
55 35
55 49
55 2
55 6
55 12
55 14
55 18
55 19
55 20
55 25
55 26
55 28
55 42
55 43
55 49
55 53
55 54
55 56
55 59
55 62
55 66
55 71
55 72
55 75
55 77
55 81
55 82
55 87
55 91
55 95
55 97
55 99
55 57
55 59
55 63
55 65
55 70
55 72
55 73
55 74
55 79
55 83
55 84
55 85
55 91
55 94
55 95
56 4
56 5
56 11
56 13
56 14
56 18
56 21
56 26
56 27
56 37
56 41
56 43
56 46
56 47
56 49
56 54
56 55
56 0
56 1
56 9
56 16
56 23
56 32
56 35
56 41
56 43
56 51
56 52
56 53
56 54
56 57
56 58
56 60
56 61
56 62
56 64
56 69
56 75
56 78
56 80
56 81
56 84
56 90
56 58
56 64
56 66
56 68
56 70
56 72
56 75
56 78
56 79
56 86
56 87
56 92
56 94
56 96
56 97
56 99
57 5
57 8
57 10
57 13
57 19
57 22
57 27
57 28
57 32
57 40
57 41
57 42
57 52
57 53
57 56
57 0
57 11
57 21
57 25
57 27
57 30
57 31
57 36
57 46
57 52
57 53
57 55
57 59
57 65
57 66
57 71
57 72
57 74
57 79
57 80
57 84
57 87
57 88
57 89
57 90
57 60
57 62
57 63
57 66
57 71
57 73
57 85
57 91
57 94
57 95
57 96
57 97
57 99
58 4
58 10
58 15
58 17
58 19
58 20
58 24
58 28
58 42
58 43
58 45
58 48
58 52
58 54
58 56
58 1
58 6
58 22
58 24
58 26
58 29
58 31
58 32
58 35
58 37
58 40
58 54
58 56
58 61
58 62
58 66
58 69
58 70
58 77
58 80
58 82
58 85
58 90
58 93
58 94
58 96
58 97
58 99
58 63
58 68
58 74
58 76
58 82
58 83
58 86
58 89
58 98
59 0
59 1
59 3
59 10
59 16
59 17
59 20
59 21
59 24
59 25
59 28
59 30
59 32
59 34
59 38
59 40
59 43
59 44
59 45
59 47
59 48
59 51
59 52
59 53
59 55
59 57
59 5
59 8
59 12
59 13
59 18
59 19
59 20
59 24
59 25
59 26
59 28
59 31
59 32
59 33
59 34
59 36
59 39
59 46
59 47
59 52
59 55
59 62
59 65
59 67
59 68
59 73
59 74
59 76
59 77
59 80
59 81
59 83
59 84
59 89
59 94
59 96
59 68
59 71
59 81
59 82
59 84
59 86
59 90
60 3
60 6
60 11
60 15
60 20
60 21
60 22
60 27
60 33
60 34
60 35
60 38
60 43
60 47
60 49
60 53
60 56
60 0
60 1
60 3
60 5
60 6
60 10
60 11
60 21
60 22
60 33
60 37
60 44
60 48
60 49
60 50
60 53
60 57
60 63
60 76
60 81
60 87
60 88
60 93
60 71
60 74
60 75
60 80
60 84
60 89
60 90
60 92
60 96
60 97
61 4
61 10
61 11
61 13
61 16
61 18
61 20
61 23
61 24
61 27
61 29
61 42
61 46
61 47
61 56
61 58
61 1
61 4
61 6
61 11
61 12
61 14
61 15
61 19
61 22
61 23
61 25
61 31
61 32
61 33
61 34
61 37
61 38
61 42
61 48
61 49
61 64
61 65
61 66
61 67
61 70
61 77
61 80
61 82
61 87
61 88
61 89
61 93
61 98
61 99
61 63
61 66
61 67
61 68
61 74
61 80
61 84
61 85
61 86
61 91
61 97
61 98
62 1
62 2
62 3
62 15
62 19
62 21
62 27
62 28
62 29
62 37
62 42
62 43
62 53
62 55
62 56
62 58
62 59
62 3
62 10
62 18
62 19
62 22
62 24
62 33
62 37
62 43
62 44
62 50
62 57
62 74
62 75
62 76
62 80
62 84
62 86
62 89
62 90
62 91
62 64
62 66
62 67
62 69
62 79
62 82
62 91
62 95
63 0
63 3
63 7
63 8
63 12
63 16
63 17
63 20
63 22
63 25
63 30
63 31
63 36
63 44
63 49
63 50
63 60
63 0
63 4
63 7
63 8
63 9
63 10
63 18
63 20
63 27
63 31
63 37
63 40
63 41
63 43
63 44
63 51
63 52
63 55
63 57
63 58
63 61
63 64
63 65
63 69
63 75
63 80
63 83
63 86
63 87
63 89
63 90
63 91
63 65
63 67
63 68
63 71
63 73
63 74
63 75
63 85
63 88
63 89
63 94
63 99
64 0
64 2
64 3
64 4
64 7
64 8
64 13
64 15
64 18
64 22
64 30
64 31
64 35
64 38
64 43
64 51
64 56
64 61
64 63
64 3
64 7
64 10
64 18
64 21
64 23
64 27
64 28
64 29
64 34
64 38
64 39
64 40
64 44
64 45
64 47
64 48
64 50
64 52
64 56
64 62
64 67
64 70
64 73
64 86
64 88
64 90
64 98
64 99
64 67
64 71
64 78
64 86
64 88
64 90
64 92
64 94
64 95
65 0
65 1
65 5
65 7
65 10
65 13
65 19
65 22
65 24
65 27
65 28
65 34
65 35
65 40
65 48
65 51
65 57
65 59
65 61
65 63
65 0
65 4
65 9
65 14
65 15
65 17
65 19
65 22
65 23
65 26
65 27
65 30
65 31
65 34
65 43
65 46
65 49
65 51
65 54
65 55
65 63
65 66
65 69
65 72
65 74
65 75
65 77
65 79
65 80
65 82
65 91
65 68
65 69
65 79
65 82
65 83
65 88
65 89
65 94
65 95
65 99
66 3
66 6
66 9
66 13
66 14
66 20
66 22
66 24
66 28
66 30
66 31
66 34
66 36
66 37
66 41
66 43
66 54
66 55
66 57
66 58
66 61
66 65
66 9
66 15
66 20
66 24
66 33
66 34
66 35
66 38
66 39
66 40
66 44
66 52
66 56
66 57
66 61
66 62
66 70
66 79
66 81
66 87
66 94
66 95
66 98
66 99
66 68
66 71
66 72
66 74
66 83
66 84
66 86
66 87
66 88
66 96
66 99
67 4
67 5
67 9
67 10
67 15
67 16
67 22
67 25
67 28
67 30
67 33
67 34
67 37
67 41
67 45
67 50
67 53
67 54
67 59
67 61
67 64
67 3
67 7
67 8
67 9
67 11
67 14
67 15
67 16
67 18
67 19
67 21
67 22
67 23
67 24
67 31
67 33
67 45
67 46
67 47
67 50
67 61
67 62
67 63
67 64
67 71
67 77
67 79
67 83
67 84
67 93
67 97
67 71
67 78
67 82
67 86
67 88
67 96
68 5
68 6
68 9
68 16
68 17
68 18
68 19
68 20
68 21
68 23
68 30
68 33
68 37
68 42
68 43
68 44
68 49
68 51
68 53
68 59
68 2
68 7
68 11
68 13
68 15
68 18
68 19
68 21
68 22
68 24
68 32
68 38
68 40
68 41
68 44
68 52
68 56
68 58
68 59
68 61
68 63
68 65
68 66
68 71
68 80
68 83
68 87
68 88
68 91
68 93
68 96
68 99
68 70
68 80
68 81
68 82
68 90
68 91
68 92
68 93
68 95
68 96
69 1
69 9
69 19
69 20
69 21
69 26
69 27
69 30
69 41
69 46
69 47
69 48
69 49
69 53
69 56
69 58
69 63
69 65
69 2
69 3
69 5
69 8
69 9
69 10
69 11
69 13
69 14
69 15
69 16
69 24
69 28
69 30
69 32
69 33
69 35
69 37
69 38
69 40
69 43
69 50
69 52
69 53
69 62
69 65
69 72
69 74
69 77
69 82
69 87
69 72
69 73
69 75
69 83
69 91
69 94
69 96
69 99
70 2
70 4
70 14
70 19
70 20
70 22
70 23
70 34
70 35
70 37
70 40
70 41
70 42
70 45
70 48
70 52
70 58
70 61
70 64
70 66
70 2
70 5
70 7
70 14
70 16
70 17
70 19
70 26
70 31
70 32
70 38
70 51
70 55
70 56
70 68
70 71
70 78
70 84
70 86
70 87
70 93
70 94
70 97
70 99
70 79
70 80
70 84
70 87
70 88
70 90
70 94
70 95
70 98
70 99
71 0
71 3
71 4
71 7
71 8
71 10
71 15
71 18
71 27
71 30
71 31
71 32
71 33
71 34
71 36
71 39
71 40
71 41
71 46
71 51
71 53
71 54
71 55
71 57
71 67
71 68
71 70
71 0
71 1
71 7
71 9
71 14
71 15
71 16
71 28
71 29
71 30
71 32
71 38
71 41
71 42
71 43
71 47
71 49
71 50
71 57
71 59
71 60
71 63
71 64
71 66
71 67
71 72
71 74
71 75
71 80
71 81
71 84
71 87
71 92
71 96
71 72
71 77
71 78
71 79
71 84
71 85
71 87
71 94
71 95
71 96
71 97
71 99
72 0
72 10
72 11
72 14
72 15
72 20
72 21
72 22
72 24
72 26
72 29
72 30
72 31
72 32
72 34
72 37
72 45
72 47
72 55
72 57
72 65
72 69
72 71
72 1
72 2
72 8
72 21
72 22
72 24
72 26
72 27
72 30
72 31
72 33
72 34
72 39
72 44
72 49
72 50
72 55
72 56
72 66
72 69
72 71
72 76
72 77
72 83
72 84
72 89
72 92
72 93
72 94
72 96
72 75
72 79
72 86
72 87
72 93
72 96
72 98
72 99
73 2
73 5
73 7
73 8
73 9
73 16
73 20
73 21
73 22
73 23
73 25
73 28
73 32
73 38
73 41
73 44
73 49
73 59
73 64
73 1
73 4
73 6
73 7
73 12
73 22
73 23
73 25
73 29
73 30
73 37
73 43
73 47
73 48
73 51
73 52
73 55
73 57
73 63
73 69
73 75
73 78
73 79
73 85
73 86
73 90
73 95
73 98
73 76
73 78
73 79
73 81
73 84
73 87
73 93
73 98
73 99
74 0
74 1
74 4
74 6
74 8
74 12
74 14
74 16
74 22
74 26
74 27
74 28
74 31
74 33
74 34
74 35
74 36
74 41
74 47
74 49
74 52
74 57
74 59
74 62
74 65
74 69
74 71
74 0
74 2
74 7
74 11
74 13
74 20
74 21
74 22
74 23
74 32
74 34
74 45
74 48
74 49
74 50
74 55
74 58
74 60
74 61
74 63
74 66
74 78
74 79
74 80
74 87
74 89
74 91
74 92
74 94
74 95
74 99
74 75
74 80
74 83
74 84
74 85
74 89
74 90
74 95
74 96
75 2
75 4
75 6
75 12
75 13
75 17
75 23
75 24
75 26
75 28
75 30
75 31
75 33
75 38
75 40
75 41
75 45
75 46
75 52
75 55
75 56
75 62
75 63
75 65
75 71
75 73
75 2
75 5
75 8
75 9
75 10
75 11
75 14
75 17
75 18
75 19
75 20
75 21
75 22
75 24
75 26
75 35
75 37
75 38
75 42
75 47
75 56
75 60
75 63
75 69
75 72
75 74
75 76
75 77
75 79
75 85
75 86
75 93
75 94
75 99
75 76
75 77
75 84
75 86
75 87
75 90
75 93
75 98
76 2
76 9
76 21
76 23
76 32
76 34
76 35
76 37
76 38
76 40
76 46
76 48
76 49
76 59
76 60
76 62
76 72
76 75
76 1
76 2
76 4
76 9
76 11
76 12
76 16
76 17
76 20
76 23
76 24
76 26
76 27
76 29
76 30
76 33
76 34
76 36
76 42
76 48
76 58
76 73
76 75
76 78
76 82
76 84
76 87
76 89
76 99
76 79
76 80
76 81
76 84
76 85
76 86
76 88
76 89
76 92
76 93
76 95
77 0
77 4
77 9
77 11
77 12
77 17
77 18
77 21
77 22
77 24
77 29
77 32
77 34
77 35
77 36
77 37
77 39
77 44
77 47
77 48
77 49
77 51
77 53
77 55
77 58
77 59
77 61
77 65
77 67
77 69
77 72
77 75
77 4
77 5
77 12
77 14
77 15
77 24
77 26
77 32
77 34
77 40
77 42
77 44
77 71
77 75
77 80
77 92
77 79
77 81
77 84
77 87
77 89
77 90
77 91
77 96
77 97
78 1
78 2
78 5
78 6
78 19
78 21
78 22
78 23
78 27
78 38
78 42
78 43
78 49
78 51
78 53
78 56
78 70
78 73
78 74
78 76
78 4
78 12
78 14
78 15
78 23
78 31
78 32
78 34
78 43
78 47
78 49
78 51
78 56
78 64
78 67
78 71
78 73
78 79
78 83
78 84
78 86
78 87
78 88
78 90
78 95
78 97
78 99
78 83
78 86
78 90
78 93
78 95
79 5
79 7
79 9
79 10
79 11
79 15
79 29
79 33
79 34
79 35
79 36
79 37
79 41
79 42
79 51
79 52
79 54
79 57
79 65
79 66
79 67
79 73
79 74
79 75
79 78
79 7
79 9
79 13
79 15
79 16
79 19
79 23
79 28
79 29
79 36
79 37
79 38
79 39
79 44
79 46
79 47
79 49
79 51
79 55
79 56
79 62
79 65
79 70
79 71
79 72
79 73
79 76
79 77
79 96
79 97
79 80
79 81
79 82
79 84
79 86
79 87
79 90
79 91
79 94
79 95
79 96
79 97
80 0
80 1
80 3
80 4
80 7
80 9
80 12
80 14
80 15
80 16
80 20
80 22
80 27
80 29
80 31
80 33
80 38
80 39
80 41
80 45
80 48
80 52
80 56
80 57
80 58
80 59
80 61
80 62
80 63
80 65
80 68
80 71
80 74
80 77
80 1
80 2
80 6
80 8
80 16
80 22
80 30
80 34
80 35
80 36
80 38
80 41
80 44
80 49
80 52
80 60
80 61
80 68
80 70
80 74
80 76
80 79
80 81
80 88
80 82
80 84
80 88
80 91
80 93
80 94
80 95
80 96
80 99
81 2
81 3
81 4
81 11
81 16
81 19
81 20
81 25
81 31
81 37
81 38
81 39
81 43
81 46
81 55
81 56
81 59
81 60
81 66
81 71
81 80
81 2
81 19
81 29
81 30
81 35
81 38
81 40
81 45
81 46
81 49
81 59
81 68
81 73
81 76
81 77
81 79
81 82
81 83
81 86
81 87
81 89
81 98
81 99
81 82
81 84
81 85
81 88
81 96
81 98
82 0
82 11
82 15
82 21
82 23
82 31
82 32
82 34
82 35
82 40
82 42
82 44
82 47
82 50
82 55
82 58
82 61
82 65
82 69
82 76
82 81
82 1
82 4
82 5
82 11
82 13
82 20
82 22
82 28
82 31
82 35
82 39
82 43
82 44
82 46
82 49
82 50
82 53
82 58
82 59
82 62
82 65
82 67
82 68
82 79
82 80
82 81
82 85
82 88
82 89
82 91
82 93
82 94
82 97
82 84
82 86
82 87
82 92
82 94
82 95
83 1
83 2
83 3
83 9
83 16
83 17
83 18
83 30
83 32
83 33
83 42
83 45
83 49
83 53
83 59
83 63
83 67
83 68
83 72
83 78
83 81
83 1
83 2
83 6
83 11
83 13
83 14
83 16
83 22
83 28
83 32
83 36
83 37
83 40
83 41
83 50
83 53
83 55
83 58
83 65
83 66
83 69
83 74
83 78
83 88
83 89
83 93
83 84
83 85
83 87
83 90
83 94
83 98
84 5
84 6
84 7
84 10
84 12
84 15
84 19
84 28
84 39
84 45
84 46
84 48
84 49
84 50
84 53
84 56
84 57
84 59
84 62
84 67
84 70
84 71
84 72
84 76
84 78
84 7
84 12
84 13
84 14
84 17
84 20
84 22
84 24
84 28
84 29
84 31
84 32
84 36
84 39
84 41
84 48
84 49
84 55
84 59
84 60
84 61
84 66
84 70
84 71
84 73
84 74
84 75
84 76
84 77
84 79
84 80
84 81
84 82
84 83
84 85
84 89
84 92
84 94
84 96
84 87
84 88
84 89
84 90
84 94
84 97
85 0
85 3
85 4
85 5
85 8
85 9
85 11
85 18
85 22
85 23
85 24
85 25
85 27
85 28
85 41
85 45
85 48
85 49
85 54
85 58
85 73
85 75
85 82
85 84
85 2
85 14
85 16
85 17
85 18
85 20
85 21
85 22
85 25
85 26
85 28
85 30
85 31
85 40
85 41
85 47
85 49
85 51
85 53
85 54
85 55
85 57
85 61
85 63
85 71
85 74
85 76
85 81
85 83
85 89
85 90
85 91
85 92
85 93
85 97
85 99
85 92
85 93
85 94
85 95
85 99
86 6
86 7
86 9
86 13
86 27
86 42
86 47
86 62
86 63
86 64
86 70
86 73
86 75
86 78
86 81
86 1
86 6
86 11
86 15
86 20
86 23
86 26
86 27
86 28
86 32
86 33
86 36
86 38
86 41
86 43
86 44
86 46
86 51
86 56
86 58
86 59
86 61
86 64
86 66
86 67
86 72
86 75
86 76
86 78
86 79
86 82
86 88
86 90
86 92
86 93
86 94
86 98
86 94
86 95
87 1
87 2
87 3
87 6
87 7
87 8
87 11
87 15
87 22
87 23
87 26
87 29
87 31
87 36
87 38
87 44
87 51
87 55
87 57
87 60
87 61
87 63
87 66
87 68
87 69
87 70
87 71
87 74
87 76
87 78
87 81
87 3
87 6
87 10
87 13
87 20
87 26
87 31
87 33
87 36
87 45
87 52
87 56
87 66
87 70
87 71
87 72
87 73
87 75
87 77
87 79
87 82
87 83
87 84
87 88
87 89
87 90
87 91
87 92
87 96
87 99
88 0
88 3
88 8
88 19
88 23
88 27
88 28
88 29
88 33
88 34
88 35
88 45
88 48
88 52
88 57
88 60
88 61
88 64
88 68
88 78
88 80
88 82
88 83
88 86
88 87
88 9
88 12
88 13
88 15
88 16
88 17
88 25
88 27
88 33
88 38
88 39
88 40
88 41
88 43
88 44
88 46
88 48
88 50
88 53
88 63
88 64
88 65
88 66
88 67
88 70
88 76
88 80
88 81
88 84
88 89
88 95
88 97
88 98
88 99
88 98
89 5
89 7
89 8
89 12
89 19
89 21
89 25
89 33
89 34
89 35
89 38
89 39
89 44
89 45
89 49
89 51
89 53
89 54
89 57
89 59
89 61
89 62
89 63
89 72
89 74
89 76
89 81
89 82
89 83
89 84
89 85
89 87
89 88
89 1
89 5
89 9
89 11
89 14
89 16
89 18
89 20
89 23
89 24
89 28
89 29
89 33
89 35
89 38
89 44
89 54
89 58
89 60
89 63
89 65
89 74
89 76
89 77
89 84
89 90
89 91
89 92
89 94
89 97
89 99
89 90
89 92
90 4
90 6
90 7
90 8
90 9
90 20
90 23
90 25
90 26
90 30
90 32
90 33
90 40
90 46
90 52
90 56
90 57
90 58
90 62
90 63
90 64
90 73
90 78
90 85
90 86
90 87
90 89
90 6
90 14
90 16
90 26
90 28
90 30
90 33
90 35
90 36
90 41
90 42
90 43
90 49
90 52
90 53
90 59
90 60
90 64
90 68
90 70
90 74
90 75
90 77
90 78
90 79
90 83
90 84
90 89
90 91
90 94
90 96
91 0
91 6
91 7
91 11
91 12
91 13
91 14
91 19
91 20
91 24
91 26
91 28
91 33
91 36
91 41
91 45
91 51
91 55
91 62
91 63
91 65
91 68
91 74
91 82
91 85
91 87
91 89
91 90
91 2
91 3
91 6
91 10
91 11
91 15
91 19
91 20
91 21
91 22
91 23
91 41
91 42
91 43
91 45
91 47
91 49
91 53
91 54
91 55
91 57
91 61
91 62
91 68
91 69
91 77
91 79
91 80
91 92
91 93
91 97
91 94
91 96
92 0
92 2
92 4
92 5
92 7
92 19
92 20
92 24
92 29
92 34
92 36
92 37
92 40
92 42
92 44
92 45
92 46
92 49
92 51
92 53
92 54
92 71
92 72
92 74
92 77
92 84
92 85
92 86
92 87
92 89
92 91
92 5
92 11
92 12
92 16
92 18
92 21
92 27
92 35
92 36
92 38
92 44
92 48
92 56
92 60
92 64
92 68
92 76
92 82
92 85
92 89
92 93
92 97
92 95
92 97
92 98
93 0
93 2
93 10
93 11
93 14
93 18
93 19
93 21
93 23
93 27
93 31
93 33
93 38
93 39
93 48
93 52
93 54
93 58
93 60
93 61
93 67
93 68
93 70
93 72
93 75
93 82
93 83
93 85
93 86
93 91
93 92
93 0
93 2
93 6
93 9
93 12
93 15
93 16
93 17
93 22
93 23
93 24
93 26
93 30
93 33
93 37
93 38
93 39
93 40
93 44
93 47
93 49
93 51
93 52
93 53
93 68
93 72
93 73
93 75
93 76
93 78
93 80
93 85
93 98
93 94
93 98
93 99
94 4
94 5
94 6
94 11
94 12
94 18
94 21
94 23
94 28
94 30
94 32
94 35
94 38
94 43
94 44
94 45
94 51
94 52
94 53
94 58
94 59
94 66
94 70
94 72
94 74
94 75
94 82
94 84
94 86
94 89
94 90
94 4
94 6
94 8
94 9
94 10
94 11
94 17
94 18
94 20
94 21
94 24
94 27
94 32
94 34
94 37
94 38
94 39
94 42
94 44
94 46
94 49
94 51
94 54
94 55
94 56
94 57
94 63
94 64
94 65
94 69
94 70
94 71
94 79
94 80
94 82
94 83
94 84
94 85
94 86
94 91
94 93
94 99
94 96
94 99
95 2
95 4
95 6
95 15
95 18
95 20
95 21
95 24
95 29
95 34
95 35
95 38
95 42
95 52
95 53
95 55
95 66
95 73
95 74
95 78
95 88
95 7
95 8
95 11
95 12
95 18
95 19
95 21
95 22
95 26
95 27
95 34
95 36
95 39
95 42
95 44
95 51
95 54
95 55
95 57
95 62
95 64
95 65
95 68
95 70
95 71
95 74
95 76
95 78
95 79
95 80
95 82
95 85
95 86
95 92
95 98
96 12
96 15
96 17
96 18
96 23
96 34
96 37
96 39
96 43
96 45
96 46
96 50
96 54
96 58
96 59
96 68
96 71
96 72
96 79
96 84
96 87
96 90
96 1
96 2
96 4
96 13
96 16
96 20
96 22
96 26
96 29
96 31
96 32
96 37
96 41
96 47
96 48
96 50
96 51
96 53
96 56
96 57
96 60
96 66
96 67
96 68
96 69
96 71
96 72
96 74
96 77
96 79
96 80
96 81
96 91
96 94
96 98
97 3
97 4
97 6
97 7
97 8
97 11
97 14
97 18
97 25
97 26
97 27
97 34
97 50
97 55
97 58
97 67
97 70
97 78
97 79
97 82
97 85
97 88
97 89
97 91
97 92
97 2
97 12
97 13
97 15
97 16
97 17
97 20
97 32
97 37
97 38
97 41
97 45
97 48
97 56
97 57
97 60
97 61
97 71
97 77
97 79
97 84
97 92
98 1
98 5
98 13
98 16
98 18
98 21
98 22
98 25
98 27
98 30
98 35
98 41
98 42
98 47
98 49
98 61
98 64
98 66
98 73
98 81
98 86
98 88
98 93
98 95
98 0
98 1
98 2
98 3
98 6
98 7
98 9
98 15
98 17
98 23
98 24
98 25
98 27
98 30
98 31
98 33
98 35
98 40
98 43
98 46
98 58
98 61
98 70
98 72
98 73
98 75
98 81
98 83
98 88
98 92
98 93
98 96
98 99
99 4
99 14
99 15
99 16
99 19
99 21
99 22
99 24
99 29
99 34
99 39
99 41
99 45
99 49
99 50
99 53
99 55
99 58
99 61
99 64
99 66
99 68
99 70
99 74
99 75
99 76
99 78
99 81
99 85
99 88
99 89
99 94
99 8
99 12
99 15
99 16
99 17
99 18
99 19
99 23
99 25
99 35
99 37
99 40
99 42
99 43
99 47
99 50
99 56
99 57
99 63
99 65
99 66
99 69
99 70
99 71
99 72
99 73
99 80
99 85
99 87
99 93
99 94
99 98
