0 1
0 2
0 5
0 8
0 10
0 12
0 13
0 15
0 20
0 21
0 22
0 24
0 27
0 30
0 34
0 35
0 39
0 43
0 46
0 47
0 49
0 55
0 56
0 60
0 61
0 64
0 2
0 6
0 8
0 18
0 23
0 25
0 27
0 29
0 32
0 37
0 38
0 39
0 43
0 44
0 47
0 51
0 60
0 62
0 63
0 67
0 69
1 0
1 2
1 3
1 15
1 23
1 27
1 31
1 32
1 33
1 48
1 53
1 54
1 55
1 58
1 63
1 64
1 65
1 69
1 3
1 5
1 11
1 18
1 23
1 25
1 36
1 39
1 40
1 44
1 51
1 56
1 63
1 68
2 0
2 1
2 0
2 8
2 10
2 13
2 17
2 20
2 24
2 27
2 36
2 44
2 47
2 51
2 64
2 3
2 6
2 7
2 10
2 12
2 13
2 14
2 19
2 20
2 21
2 22
2 23
2 25
2 26
2 27
2 28
2 31
2 32
2 34
2 35
2 37
2 40
2 45
2 46
2 47
2 53
2 61
2 62
2 63
2 67
2 69
3 1
3 1
3 2
3 6
3 8
3 10
3 14
3 23
3 26
3 27
3 31
3 32
3 34
3 36
3 42
3 65
3 67
3 7
3 8
3 9
3 10
3 14
3 16
3 17
3 22
3 33
3 34
3 36
3 40
3 41
3 46
3 47
3 51
3 52
3 63
4 5
4 11
4 14
4 17
4 19
4 20
4 23
4 25
4 28
4 32
4 37
4 46
4 48
4 49
4 58
4 63
4 68
4 69
4 7
4 8
4 9
4 15
4 16
4 19
4 22
4 25
4 30
4 31
4 32
4 34
4 35
4 38
4 39
4 41
4 45
4 52
4 56
4 63
4 67
5 0
5 4
5 1
5 8
5 9
5 12
5 16
5 17
5 18
5 19
5 21
5 23
5 25
5 33
5 38
5 39
5 44
5 57
5 59
5 60
5 63
5 64
5 65
5 66
5 68
5 8
5 9
5 12
5 14
5 15
5 20
5 22
5 23
5 25
5 28
5 29
5 30
5 32
5 38
5 39
5 41
5 55
5 56
5 61
5 62
5 69
6 3
6 0
6 2
6 8
6 10
6 11
6 16
6 21
6 27
6 32
6 33
6 34
6 35
6 41
6 45
6 48
6 50
6 59
6 62
6 65
6 7
6 8
6 9
6 10
6 11
6 23
6 29
6 33
6 35
6 36
6 37
6 39
6 43
6 45
6 47
6 50
6 61
6 66
6 67
7 2
7 3
7 4
7 6
7 14
7 17
7 19
7 31
7 33
7 35
7 36
7 38
7 43
7 44
7 45
7 49
7 59
7 8
7 9
7 13
7 16
7 18
7 19
7 24
7 25
7 34
7 36
7 37
7 42
7 44
7 46
7 49
7 51
7 53
7 54
7 57
7 60
7 62
7 63
7 66
7 67
8 0
8 2
8 3
8 5
8 6
8 0
8 3
8 4
8 5
8 6
8 7
8 9
8 15
8 23
8 24
8 25
8 32
8 35
8 36
8 38
8 39
8 40
8 41
8 43
8 44
8 51
8 54
8 55
8 56
8 57
8 60
8 62
8 63
8 66
8 67
8 68
8 10
8 11
8 14
8 15
8 18
8 21
8 22
8 26
8 27
8 34
8 43
8 51
8 52
8 54
8 55
8 67
8 68
9 5
9 8
9 3
9 4
9 5
9 6
9 7
9 13
9 14
9 16
9 22
9 26
9 28
9 33
9 37
9 40
9 47
9 48
9 55
9 56
9 58
9 59
9 60
9 61
9 62
9 10
9 12
9 13
9 16
9 17
9 25
9 26
9 28
9 29
9 30
9 32
9 33
9 37
9 39
9 42
9 43
9 44
9 56
9 57
9 60
9 61
9 63
9 64
9 68
9 69
10 0
10 2
10 3
10 6
10 2
10 3
10 6
10 8
10 9
10 16
10 18
10 20
10 25
10 28
10 29
10 32
10 34
10 36
10 45
10 46
10 47
10 53
10 57
10 60
10 62
10 64
10 66
10 13
10 16
10 18
10 20
10 24
10 29
10 31
10 37
10 39
10 42
10 44
10 56
10 59
10 61
10 62
10 63
10 68
11 4
11 6
11 1
11 6
11 8
11 14
11 25
11 27
11 28
11 32
11 35
11 38
11 46
11 47
11 48
11 49
11 58
11 61
11 62
11 64
11 65
11 16
11 22
11 23
11 25
11 29
11 36
11 39
11 41
11 43
11 46
11 48
11 51
11 52
11 54
11 68
12 0
12 5
12 2
12 5
12 9
12 17
12 21
12 22
12 26
12 29
12 30
12 32
12 33
12 41
12 46
12 47
12 51
12 53
12 55
12 60
12 63
12 66
12 14
12 22
12 27
12 28
12 32
12 33
12 35
12 36
12 39
12 41
12 42
12 44
12 47
12 49
12 53
12 56
12 61
12 63
12 66
12 67
13 0
13 2
13 9
13 2
13 7
13 9
13 10
13 15
13 17
13 18
13 21
13 31
13 33
13 35
13 36
13 38
13 41
13 42
13 47
13 55
13 59
13 60
13 61
13 63
13 64
13 69
13 26
13 28
13 31
13 34
13 35
13 38
13 39
13 44
13 47
13 48
13 55
13 57
13 62
13 64
13 68
14 3
14 4
14 7
14 9
14 11
14 2
14 3
14 5
14 8
14 12
14 17
14 26
14 32
14 38
14 39
14 43
14 45
14 49
14 54
14 58
14 60
14 64
14 65
14 69
14 15
14 17
14 21
14 23
14 24
14 26
14 31
14 32
14 34
14 38
14 40
14 41
14 43
14 49
14 51
14 52
14 53
14 58
14 63
14 68
15 0
15 1
15 8
15 13
15 4
15 5
15 8
15 14
15 17
15 19
15 22
15 26
15 30
15 40
15 42
15 46
15 48
15 51
15 52
15 56
15 57
15 60
15 64
15 66
15 67
15 69
15 22
15 27
15 29
15 31
15 33
15 39
15 43
15 46
15 49
15 51
15 56
15 64
15 66
15 67
15 68
16 5
16 6
16 9
16 10
16 3
16 4
16 7
16 9
16 10
16 11
16 17
16 21
16 24
16 25
16 29
16 31
16 35
16 39
16 41
16 51
16 55
16 56
16 68
16 69
16 17
16 19
16 29
16 31
16 32
16 36
16 37
16 43
16 44
16 45
16 46
16 52
16 54
16 55
16 56
16 57
16 58
16 59
16 60
16 63
16 64
16 65
16 66
16 69
17 2
17 4
17 5
17 7
17 12
17 13
17 14
17 15
17 16
17 3
17 9
17 14
17 16
17 19
17 23
17 25
17 31
17 37
17 42
17 50
17 54
17 56
17 68
17 21
17 25
17 26
17 28
17 29
17 30
17 32
17 36
17 39
17 40
17 41
17 42
17 43
17 49
17 52
17 62
17 65
18 5
18 10
18 13
18 0
18 1
18 7
18 8
18 10
18 21
18 22
18 23
18 27
18 28
18 29
18 32
18 33
18 35
18 36
18 38
18 42
18 47
18 49
18 52
18 61
18 65
18 68
18 26
18 31
18 33
18 35
18 40
18 41
18 45
18 52
18 54
18 60
18 62
18 63
19 4
19 5
19 7
19 15
19 17
19 2
19 4
19 7
19 16
19 22
19 26
19 28
19 30
19 32
19 34
19 36
19 38
19 39
19 40
19 45
19 50
19 58
19 61
19 62
19 63
19 68
19 20
19 21
19 22
19 25
19 29
19 32
19 39
19 40
19 48
19 49
19 57
19 60
19 64
19 65
19 66
19 69
20 0
20 2
20 4
20 10
20 2
20 5
20 10
20 19
20 21
20 22
20 23
20 33
20 34
20 35
20 40
20 44
20 45
20 62
20 64
20 66
20 67
20 68
20 23
20 35
20 38
20 42
20 50
20 57
20 60
20 61
20 63
20 64
21 0
21 5
21 6
21 12
21 13
21 16
21 18
21 20
21 2
21 8
21 14
21 17
21 19
21 22
21 28
21 31
21 36
21 39
21 41
21 43
21 45
21 46
21 47
21 48
21 49
21 54
21 55
21 60
21 33
21 34
21 35
21 37
21 38
21 41
21 55
21 57
21 58
21 63
21 67
21 69
22 0
22 9
22 12
22 15
22 18
22 19
22 20
22 21
22 2
22 3
22 4
22 5
22 8
22 11
22 12
22 15
22 19
22 27
22 30
22 31
22 32
22 43
22 46
22 48
22 50
22 52
22 57
22 61
22 63
22 64
22 23
22 32
22 38
22 45
22 53
22 57
22 58
22 62
22 67
22 68
23 1
23 3
23 4
23 5
23 8
23 17
23 18
23 20
23 0
23 1
23 2
23 5
23 6
23 11
23 14
23 20
23 22
23 26
23 36
23 41
23 55
23 57
23 61
23 62
23 68
23 69
23 26
23 29
23 34
23 39
23 40
23 42
23 44
23 46
23 58
23 60
23 61
24 0
24 2
24 8
24 16
24 7
24 10
24 14
24 27
24 29
24 32
24 33
24 34
24 39
24 43
24 48
24 58
24 60
24 61
24 26
24 27
24 31
24 33
24 35
24 39
24 46
24 50
24 51
24 54
24 55
24 61
24 65
24 67
25 4
25 5
25 8
25 10
25 11
25 16
25 17
25 0
25 1
25 2
25 4
25 5
25 7
25 9
25 11
25 17
25 19
25 26
25 28
25 29
25 34
25 35
25 49
25 63
25 35
25 36
25 37
25 39
25 40
25 41
25 48
25 49
25 50
25 64
25 66
26 3
26 9
26 12
26 14
26 15
26 19
26 23
26 25
26 2
26 8
26 9
26 13
26 14
26 17
26 18
26 23
26 24
26 32
26 34
26 46
26 48
26 49
26 51
26 52
26 59
26 60
26 68
26 69
26 29
26 30
26 32
26 34
26 40
26 41
26 42
26 44
26 45
26 49
26 50
26 57
26 63
26 64
26 69
27 0
27 1
27 2
27 3
27 6
27 11
27 18
27 22
27 24
27 0
27 2
27 8
27 12
27 15
27 24
27 30
27 33
27 34
27 37
27 40
27 48
27 54
27 57
27 66
27 69
27 29
27 43
27 46
27 54
27 58
27 63
28 4
28 9
28 10
28 11
28 18
28 19
28 21
28 25
28 2
28 5
28 9
28 12
28 13
28 17
28 42
28 43
28 44
28 48
28 50
28 52
28 61
28 66
28 68
28 69
28 32
28 40
28 42
28 48
28 50
28 62
28 67
28 68
29 10
29 12
29 16
29 18
29 24
29 25
29 0
29 5
29 6
29 9
29 10
29 11
29 15
29 16
29 17
29 19
29 23
29 26
29 27
29 32
29 39
29 41
29 44
29 52
29 55
29 59
29 64
29 65
29 30
29 35
29 38
29 44
29 46
29 48
29 51
29 52
29 54
29 55
29 58
29 62
29 68
30 0
30 12
30 15
30 19
30 22
30 27
30 4
30 5
30 9
30 17
30 26
30 29
30 31
30 38
30 49
30 56
30 59
30 60
30 61
30 62
30 67
30 68
30 69
30 36
30 39
30 41
30 46
30 47
30 59
30 60
30 61
30 64
30 66
31 1
31 3
31 7
31 13
31 16
31 17
31 21
31 22
31 30
31 2
31 4
31 10
31 13
31 14
31 15
31 16
31 18
31 24
31 32
31 36
31 37
31 42
31 43
31 46
31 49
31 52
31 54
31 61
31 65
31 69
31 32
31 33
31 34
31 38
31 41
31 42
31 43
31 49
31 50
31 61
31 65
31 66
32 1
32 3
32 4
32 6
32 8
32 10
32 11
32 12
32 14
32 18
32 19
32 22
32 24
32 26
32 29
32 31
32 0
32 2
32 4
32 5
32 9
32 12
32 14
32 16
32 17
32 19
32 22
32 26
32 28
32 31
32 40
32 41
32 44
32 45
32 49
32 54
32 56
32 60
32 65
32 66
32 33
32 37
32 42
32 44
32 50
32 51
32 55
32 56
32 62
32 65
33 1
33 5
33 6
33 7
33 9
33 12
33 13
33 18
33 20
33 24
33 27
33 3
33 6
33 9
33 12
33 15
33 18
33 21
33 24
33 31
33 32
33 35
33 37
33 38
33 39
33 42
33 44
33 45
33 48
33 50
33 52
33 53
33 56
33 58
33 59
33 65
33 69
33 40
33 47
33 48
33 55
33 56
33 57
33 58
33 60
33 61
33 63
33 68
33 69
34 0
34 3
34 6
34 10
34 19
34 20
34 24
34 25
34 26
34 27
34 2
34 3
34 4
34 7
34 8
34 13
34 14
34 21
34 23
34 26
34 31
34 41
34 43
34 44
34 46
34 47
34 48
34 57
34 58
34 60
34 61
34 62
34 42
34 48
34 49
34 53
34 64
34 66
34 67
34 69
35 0
35 6
35 7
35 8
35 11
35 13
35 16
35 18
35 20
35 25
35 33
35 2
35 4
35 6
35 12
35 13
35 18
35 20
35 21
35 24
35 25
35 29
35 40
35 44
35 49
35 51
35 60
35 66
35 36
35 37
35 56
35 57
35 58
35 59
35 63
35 64
35 66
35 68
35 69
36 2
36 3
36 7
36 8
36 10
36 13
36 18
36 19
36 21
36 23
36 31
36 1
36 3
36 6
36 7
36 11
36 12
36 16
36 17
36 25
36 30
36 35
36 42
36 43
36 45
36 46
36 47
36 48
36 53
36 55
36 62
36 64
36 66
36 67
36 37
36 39
36 41
36 43
36 44
36 47
36 57
36 60
36 61
36 65
36 69
37 4
37 9
37 17
37 27
37 31
37 33
37 0
37 2
37 6
37 7
37 9
37 10
37 16
37 21
37 25
37 32
37 35
37 36
37 39
37 40
37 42
37 46
37 49
37 50
37 53
37 61
37 67
37 38
37 46
37 48
37 49
37 50
37 53
37 55
37 58
37 60
37 63
38 5
38 7
38 8
38 11
38 13
38 14
38 18
38 19
38 30
38 33
38 0
38 4
38 5
38 13
38 14
38 20
38 21
38 22
38 29
38 31
38 37
38 39
38 41
38 44
38 45
38 46
38 47
38 50
38 52
38 54
38 57
38 60
38 61
38 65
38 67
38 68
38 39
38 41
38 44
38 45
38 53
38 57
38 60
38 62
38 64
39 0
39 5
39 8
39 14
39 16
39 19
39 21
39 24
39 29
39 33
39 37
39 38
39 0
39 1
39 4
39 5
39 6
39 9
39 10
39 11
39 12
39 13
39 15
39 17
39 19
39 23
39 24
39 25
39 30
39 36
39 38
39 51
39 52
39 53
39 54
39 55
39 56
39 58
39 68
39 40
39 43
39 46
39 51
39 53
39 55
39 64
39 68
40 8
40 9
40 15
40 19
40 20
40 27
40 32
40 35
40 37
40 1
40 2
40 3
40 14
40 17
40 18
40 19
40 23
40 25
40 26
40 28
40 33
40 39
40 42
40 45
40 46
40 56
40 57
40 58
40 61
40 63
40 67
40 43
40 48
40 54
40 55
40 56
40 61
40 64
40 67
40 69
41 6
41 8
41 12
41 13
41 16
41 21
41 23
41 29
41 32
41 34
41 38
41 3
41 4
41 5
41 11
41 12
41 14
41 17
41 18
41 21
41 25
41 26
41 30
41 31
41 36
41 38
41 48
41 53
41 54
41 55
41 57
41 58
41 60
41 65
41 69
41 56
41 57
41 60
42 3
42 13
42 15
42 17
42 18
42 28
42 31
42 33
42 36
42 37
42 40
42 7
42 9
42 10
42 12
42 17
42 20
42 23
42 26
42 28
42 31
42 32
42 34
42 43
42 44
42 45
42 54
42 57
42 61
42 63
42 64
42 66
42 67
42 45
42 49
42 51
42 52
42 53
42 55
42 61
42 68
42 69
43 0
43 7
43 8
43 14
43 21
43 22
43 24
43 28
43 31
43 34
43 36
43 42
43 0
43 6
43 8
43 9
43 11
43 14
43 15
43 16
43 17
43 27
43 31
43 36
43 39
43 40
43 44
43 48
43 51
43 59
43 64
43 68
43 54
43 60
43 66
44 2
44 5
44 7
44 8
44 20
44 28
44 29
44 32
44 33
44 34
44 35
44 38
44 42
44 43
44 0
44 1
44 7
44 9
44 10
44 12
44 13
44 16
44 23
44 26
44 29
44 32
44 36
44 38
44 48
44 49
44 50
44 55
44 56
44 57
44 58
44 59
44 63
44 64
44 65
44 66
44 69
44 45
44 47
44 48
44 49
44 51
44 52
44 54
44 55
44 56
44 59
44 60
44 67
45 6
45 7
45 10
45 14
45 19
45 20
45 21
45 32
45 33
45 36
45 38
45 40
45 42
45 2
45 4
45 6
45 16
45 18
45 22
45 26
45 38
45 42
45 44
45 51
45 55
45 58
45 60
45 61
45 62
45 66
45 46
45 48
45 49
45 52
45 58
45 59
45 60
45 62
45 65
45 68
46 0
46 4
46 10
46 11
46 12
46 15
46 21
46 22
46 26
46 31
46 34
46 36
46 37
46 38
46 40
46 2
46 3
46 7
46 11
46 15
46 16
46 23
46 24
46 27
46 29
46 30
46 37
46 39
46 45
46 54
46 57
46 59
46 68
46 47
46 50
46 51
46 53
46 54
46 58
46 61
46 63
46 69
47 0
47 2
47 9
47 10
47 11
47 12
47 13
47 18
47 21
47 34
47 36
47 38
47 0
47 2
47 3
47 6
47 12
47 13
47 30
47 33
47 36
47 44
47 46
47 48
47 49
47 50
47 51
47 58
47 60
47 63
47 64
47 67
47 68
47 48
47 51
47 54
47 55
47 57
47 64
47 69
48 1
48 4
48 6
48 9
48 11
48 15
48 21
48 22
48 24
48 26
48 27
48 28
48 33
48 34
48 36
48 41
48 43
48 44
48 47
48 11
48 13
48 19
48 25
48 28
48 29
48 33
48 34
48 37
48 40
48 44
48 45
48 47
48 50
48 55
48 58
48 63
48 64
48 68
48 69
48 60
48 61
49 0
49 4
49 7
49 11
49 14
49 18
49 21
49 25
49 26
49 30
49 31
49 32
49 35
49 37
49 44
49 47
49 7
49 12
49 14
49 15
49 17
49 19
49 25
49 26
49 31
49 34
49 37
49 42
49 44
49 45
49 54
49 56
49 57
49 58
49 62
49 64
49 66
49 50
49 54
49 56
49 63
49 65
50 6
50 17
50 19
50 22
50 28
50 33
50 37
50 38
50 44
50 47
50 48
50 6
50 20
50 24
50 25
50 26
50 28
50 31
50 32
50 37
50 46
50 49
50 51
50 51
50 52
50 55
50 58
50 62
50 65
50 68
51 2
51 8
51 12
51 15
51 16
51 26
51 35
51 39
51 43
51 45
51 47
51 50
51 0
51 1
51 3
51 7
51 8
51 11
51 14
51 15
51 24
51 29
51 32
51 39
51 42
51 44
51 46
51 47
51 50
51 57
51 69
51 60
51 61
51 64
51 68
52 15
52 18
52 22
52 26
52 28
52 29
52 31
52 33
52 38
52 39
52 3
52 4
52 8
52 11
52 14
52 16
52 17
52 18
52 29
52 42
52 44
52 45
52 50
52 56
52 60
52 61
52 64
52 67
52 57
52 59
52 61
52 64
53 1
53 10
53 12
53 33
53 36
53 37
53 39
53 41
53 2
53 7
53 12
53 14
53 22
53 34
53 37
53 38
53 39
53 42
53 46
53 56
53 60
53 63
53 67
53 54
53 55
53 57
53 58
53 59
53 63
53 64
53 65
53 66
53 68
54 1
54 8
54 14
54 17
54 21
54 27
54 31
54 32
54 38
54 39
54 41
54 42
54 46
54 49
54 7
54 8
54 11
54 16
54 18
54 24
54 27
54 29
54 40
54 43
54 44
54 46
54 47
54 49
54 53
54 57
54 61
54 66
54 69
54 56
54 69
55 0
55 1
55 8
55 9
55 12
55 13
55 16
55 21
55 23
55 29
55 36
55 39
55 41
55 44
55 45
55 48
55 5
55 8
55 13
55 16
55 21
55 24
55 29
55 32
55 33
55 37
55 39
55 40
55 42
55 44
55 47
55 50
55 53
55 56
55 58
55 59
55 61
55 62
55 63
55 65
55 69
55 56
55 58
55 62
55 64
55 69
56 0
56 8
56 9
56 15
56 16
56 17
56 30
56 32
56 33
56 39
56 40
56 44
56 49
56 52
56 53
56 55
56 1
56 4
56 5
56 9
56 10
56 12
56 15
56 16
56 32
56 33
56 35
56 40
56 41
56 44
56 49
56 54
56 55
56 60
56 61
56 62
56 63
56 67
56 57
56 62
56 63
56 68
56 69
57 5
57 8
57 10
57 15
57 22
57 23
57 27
57 34
57 38
57 40
57 41
57 42
57 44
57 46
57 49
57 51
57 54
57 7
57 9
57 13
57 16
57 19
57 20
57 21
57 22
57 26
57 33
57 35
57 36
57 38
57 41
57 47
57 52
57 53
57 56
57 62
57 64
57 65
57 67
57 62
57 65
58 1
58 4
58 9
58 11
58 14
58 19
58 24
58 33
58 34
58 39
58 40
58 41
58 44
58 45
58 47
58 48
58 49
58 55
58 14
58 16
58 21
58 22
58 23
58 27
58 29
58 33
58 35
58 37
58 45
58 46
58 50
58 53
58 55
58 60
58 64
58 66
59 5
59 6
59 7
59 9
59 13
59 26
59 29
59 30
59 33
59 43
59 44
59 46
59 55
59 10
59 16
59 30
59 35
59 44
59 45
59 52
59 53
59 62
59 68
59 67
60 0
60 5
60 8
60 9
60 10
60 12
60 13
60 14
60 15
60 21
60 24
60 26
60 30
60 32
60 34
60 35
60 38
60 41
60 45
60 47
60 52
60 53
60 56
60 0
60 7
60 9
60 16
60 18
60 19
60 20
60 23
60 30
60 33
60 36
60 37
60 38
60 41
60 43
60 44
60 45
60 48
60 51
60 58
60 64
60 67
60 61
60 65
60 67
60 68
60 69
61 0
61 9
61 11
61 13
61 18
61 19
61 22
61 23
61 24
61 28
61 30
61 31
61 34
61 37
61 38
61 40
61 42
61 45
61 52
61 54
61 55
61 56
61 2
61 5
61 6
61 9
61 10
61 12
61 20
61 23
61 24
61 30
61 31
61 33
61 36
61 40
61 42
61 46
61 48
61 51
61 52
61 60
61 62
61 65
61 66
61 62
61 64
61 66
62 6
62 8
62 9
62 10
62 11
62 19
62 20
62 23
62 30
62 34
62 36
62 45
62 49
62 55
62 56
62 57
62 59
62 61
62 0
62 2
62 5
62 7
62 10
62 13
62 17
62 18
62 22
62 28
62 29
62 32
62 38
62 45
62 50
62 55
62 56
62 57
62 61
62 65
62 68
63 1
63 4
63 5
63 8
63 12
63 13
63 19
63 22
63 25
63 40
63 42
63 44
63 47
63 48
63 53
63 55
63 56
63 0
63 1
63 2
63 3
63 4
63 7
63 9
63 10
63 12
63 14
63 16
63 18
63 20
63 21
63 26
63 27
63 33
63 35
63 37
63 46
63 49
63 53
63 56
63 64
63 65
64 0
64 1
64 2
64 5
64 10
64 11
64 13
64 14
64 15
64 20
64 22
64 29
64 36
64 42
64 43
64 44
64 47
64 48
64 49
64 52
64 57
64 60
64 9
64 13
64 15
64 16
64 19
64 20
64 25
64 26
64 30
64 34
64 35
64 38
64 39
64 40
64 47
64 51
64 52
64 53
64 55
64 58
64 61
64 63
64 68
64 68
65 1
65 3
65 5
65 6
65 11
65 14
65 18
65 29
65 31
65 32
65 33
65 38
65 41
65 44
65 55
65 57
65 61
65 62
65 16
65 17
65 19
65 24
65 31
65 32
65 36
65 45
65 49
65 50
65 53
65 57
65 60
65 63
65 67
65 66
65 67
65 68
66 5
66 8
66 10
66 12
66 15
66 20
66 27
66 28
66 32
66 35
66 36
66 42
66 44
66 45
66 49
66 54
66 61
66 6
66 7
66 12
66 15
66 16
66 19
66 25
66 30
66 31
66 34
66 35
66 43
66 53
66 58
66 61
66 65
66 69
67 3
67 8
67 15
67 20
67 30
67 36
67 37
67 38
67 40
67 42
67 47
67 52
67 53
67 56
67 57
67 60
67 65
67 0
67 2
67 4
67 6
67 7
67 8
67 12
67 15
67 21
67 22
67 24
67 28
67 34
67 40
67 44
67 59
67 60
67 65
67 68
68 4
68 5
68 8
68 16
68 17
68 18
68 19
68 20
68 23
68 26
68 28
68 30
68 38
68 39
68 43
68 46
68 47
68 48
68 59
68 62
68 64
68 1
68 8
68 9
68 10
68 11
68 13
68 14
68 15
68 22
68 28
68 29
68 33
68 35
68 39
68 42
68 45
68 50
68 51
68 53
68 56
68 60
68 64
68 65
68 67
68 69
69 1
69 4
69 13
69 14
69 15
69 16
69 23
69 26
69 27
69 28
69 30
69 31
69 33
69 41
69 44
69 48
69 51
69 54
69 55
69 66
69 68
69 0
69 2
69 5
69 9
69 16
69 19
69 21
69 26
69 33
69 34
69 35
69 36
69 40
69 42
69 46
69 47
69 54
69 55
69 56
69 60
