0 2
0 5
0 8
0 9
0 10
0 11
0 17
0 22
0 26
0 27
0 29
0 35
0 36
0 40
0 45
0 1
0 6
0 9
0 11
0 14
0 15
0 18
0 22
0 23
0 26
0 28
0 29
0 30
0 37
0 39
0 46
0 48
1 0
1 6
1 10
1 11
1 12
1 15
1 16
1 22
1 33
1 37
1 43
1 44
1 7
1 13
1 19
1 22
1 23
1 25
1 28
1 32
1 34
1 36
1 42
1 45
1 47
1 49
2 0
2 4
2 20
2 24
2 27
2 30
2 31
2 35
2 42
2 44
2 46
2 48
2 4
2 7
2 14
2 18
2 19
2 24
2 26
2 28
2 33
2 36
2 37
2 40
2 43
2 44
2 47
2 48
2 49
3 4
3 6
3 14
3 15
3 18
3 23
3 27
3 34
3 36
3 43
3 46
3 9
3 10
3 12
3 15
3 16
3 26
3 32
3 34
3 40
3 41
3 42
3 44
3 47
3 48
4 2
4 3
4 2
4 14
4 18
4 22
4 24
4 26
4 29
4 42
4 5
4 7
4 11
4 12
4 18
4 23
4 24
4 25
4 28
4 29
4 33
4 35
4 42
4 44
4 45
4 46
5 0
5 4
5 6
5 7
5 14
5 17
5 19
5 20
5 23
5 33
5 34
5 35
5 38
5 43
5 44
5 45
5 46
5 11
5 14
5 20
5 21
5 22
5 26
5 27
5 32
5 33
5 34
5 37
5 38
5 40
5 41
5 42
5 44
5 48
6 1
6 3
6 5
6 0
6 7
6 9
6 18
6 19
6 20
6 24
6 27
6 28
6 35
6 37
6 44
6 46
6 7
6 9
6 12
6 16
6 19
6 25
6 29
6 31
6 32
6 37
6 41
6 47
6 48
7 5
7 6
7 1
7 2
7 4
7 6
7 10
7 12
7 13
7 17
7 24
7 25
7 29
7 32
7 34
7 35
7 40
7 42
7 44
7 8
7 10
7 13
7 20
7 24
7 25
7 28
7 29
7 32
7 36
7 37
7 39
7 42
7 44
7 45
7 47
8 0
8 7
8 9
8 11
8 13
8 15
8 23
8 26
8 27
8 28
8 30
8 33
8 34
8 38
8 39
8 41
8 49
8 10
8 12
8 14
8 15
8 19
8 25
8 27
8 28
8 29
8 35
8 40
8 42
8 43
8 48
9 0
9 6
9 8
9 0
9 3
9 6
9 11
9 12
9 15
9 18
9 22
9 25
9 27
9 29
9 34
9 42
9 19
9 23
9 24
9 37
9 43
10 0
10 1
10 7
10 3
10 7
10 8
10 11
10 14
10 18
10 22
10 26
10 29
10 30
10 33
10 37
10 38
10 39
10 43
10 49
10 13
10 15
10 19
10 21
10 22
10 23
10 27
10 30
10 31
10 33
10 34
10 37
10 38
10 41
10 46
10 47
10 49
11 0
11 1
11 8
11 9
11 10
11 0
11 4
11 5
11 15
11 22
11 23
11 25
11 30
11 35
11 42
11 44
11 46
11 49
11 12
11 13
11 14
11 16
11 17
11 20
11 27
11 30
11 34
11 38
11 40
11 42
11 44
11 45
11 46
11 47
12 1
12 7
12 9
12 3
12 4
12 6
12 8
12 11
12 14
12 16
12 22
12 27
12 28
12 35
12 37
12 38
12 40
12 42
12 48
12 49
12 13
12 18
12 25
12 27
12 29
12 31
12 32
12 38
12 40
12 41
12 45
12 49
13 7
13 8
13 1
13 7
13 10
13 11
13 12
13 17
13 21
13 25
13 27
13 28
13 29
13 30
13 46
13 48
13 24
13 25
13 27
13 33
13 36
13 40
13 45
14 3
14 4
14 5
14 10
14 12
14 0
14 2
14 5
14 8
14 11
14 15
14 19
14 20
14 23
14 39
14 42
14 49
14 21
14 24
14 25
14 28
14 33
14 39
14 45
14 48
15 1
15 3
15 8
15 9
15 11
15 14
15 0
15 3
15 8
15 10
15 21
15 36
15 44
15 46
15 20
15 21
15 23
15 27
15 31
15 33
15 37
15 42
15 44
15 49
16 1
16 12
16 3
16 6
16 11
16 18
16 19
16 25
16 30
16 34
16 37
16 20
16 21
16 23
16 26
16 31
16 34
16 37
16 39
16 41
16 42
16 46
17 0
17 5
17 7
17 13
17 11
17 20
17 23
17 25
17 26
17 27
17 28
17 33
17 43
17 46
17 47
17 19
17 20
17 23
17 24
17 31
17 33
17 38
17 39
17 42
17 45
17 49
18 3
18 4
18 6
18 9
18 10
18 16
18 0
18 2
18 4
18 12
18 20
18 21
18 24
18 27
18 28
18 29
18 30
18 33
18 36
18 37
18 39
18 43
18 44
18 48
18 21
18 29
18 37
18 38
18 39
18 43
18 47
19 5
19 6
19 14
19 16
19 1
19 2
19 6
19 8
19 9
19 10
19 17
19 21
19 22
19 23
19 26
19 31
19 33
19 34
19 38
19 40
19 41
19 42
19 24
19 26
19 31
19 36
19 37
19 39
19 44
19 45
19 48
19 49
20 2
20 5
20 6
20 14
20 17
20 18
20 5
20 7
20 11
20 15
20 16
20 17
20 24
20 28
20 31
20 32
20 35
20 40
20 41
20 43
20 46
20 48
20 49
20 28
20 38
20 39
20 43
20 46
21 13
21 15
21 18
21 19
21 5
21 10
21 14
21 15
21 16
21 18
21 22
21 32
21 34
21 35
21 43
21 44
21 45
21 29
21 30
21 36
21 40
21 44
21 45
21 47
22 0
22 1
22 4
22 9
22 10
22 11
22 12
22 19
22 21
22 0
22 1
22 5
22 10
22 25
22 27
22 31
22 33
22 38
22 40
22 41
22 25
22 29
22 31
22 32
22 35
22 36
22 49
23 3
23 5
23 8
23 11
23 14
23 17
23 19
23 0
23 1
23 4
23 9
23 10
23 15
23 16
23 17
23 25
23 28
23 29
23 33
23 37
23 40
23 45
23 46
23 25
23 32
23 34
23 39
23 40
23 41
23 43
23 44
24 2
24 4
24 6
24 7
24 18
24 20
24 2
24 4
24 7
24 9
24 13
24 14
24 17
24 19
24 25
24 28
24 31
24 32
24 47
24 32
24 39
24 46
24 47
24 48
25 7
25 9
25 11
25 13
25 16
25 17
25 22
25 23
25 24
25 1
25 4
25 6
25 7
25 8
25 12
25 13
25 14
25 22
25 23
25 30
25 32
25 36
25 37
25 47
25 49
25 29
25 31
25 35
25 36
25 39
25 40
25 41
25 42
25 46
26 0
26 4
26 8
26 10
26 17
26 19
26 0
26 2
26 3
26 5
26 16
26 19
26 27
26 28
26 30
26 41
26 44
26 45
26 47
26 27
26 31
26 38
26 43
27 0
27 2
27 3
27 6
27 8
27 9
27 12
27 13
27 17
27 18
27 22
27 26
27 5
27 8
27 10
27 11
27 12
27 13
27 15
27 26
27 28
27 29
27 42
27 47
27 48
27 39
27 41
27 47
27 49
28 6
28 8
28 12
28 13
28 17
28 18
28 20
28 23
28 24
28 26
28 27
28 0
28 1
28 2
28 4
28 7
28 8
28 14
28 20
28 30
28 34
28 42
28 44
28 45
28 38
28 44
29 0
29 4
29 7
29 9
29 10
29 13
29 18
29 23
29 27
29 0
29 4
29 6
29 7
29 8
29 12
29 18
29 21
29 22
29 25
29 36
29 40
29 41
29 43
29 46
29 49
29 31
29 32
29 35
29 42
29 45
29 47
29 48
30 2
30 8
30 10
30 11
30 13
30 16
30 18
30 25
30 26
30 28
30 0
30 10
30 11
30 21
30 31
30 32
30 33
30 37
30 39
30 43
30 45
30 31
30 32
30 41
30 44
30 47
30 48
31 2
31 19
31 20
31 22
31 24
31 30
31 6
31 10
31 12
31 15
31 16
31 17
31 19
31 22
31 25
31 26
31 29
31 30
31 32
31 33
31 36
31 37
31 39
31 44
31 46
31 32
31 33
31 34
31 41
31 42
31 43
31 44
31 45
31 46
32 7
32 20
32 21
32 24
32 25
32 30
32 31
32 1
32 3
32 5
32 6
32 7
32 12
32 22
32 23
32 24
32 29
32 30
32 31
32 38
32 43
32 44
32 46
32 33
32 34
32 39
32 43
32 46
32 47
33 1
33 5
33 8
33 10
33 17
33 18
33 19
33 22
33 23
33 30
33 31
33 2
33 4
33 5
33 10
33 13
33 14
33 15
33 17
33 31
33 32
33 36
33 42
33 43
33 47
33 48
33 49
33 36
33 39
33 42
34 3
34 5
34 7
34 8
34 9
34 16
34 19
34 21
34 28
34 1
34 3
34 5
34 10
34 11
34 16
34 23
34 31
34 32
34 36
34 37
34 42
34 44
34 45
34 47
34 48
34 36
34 37
34 38
35 0
35 2
35 5
35 6
35 7
35 11
35 12
35 20
35 21
35 4
35 8
35 22
35 25
35 29
35 38
35 40
35 42
35 46
35 41
35 49
36 0
36 3
36 15
36 18
36 25
36 29
36 31
36 33
36 34
36 1
36 2
36 7
36 13
36 19
36 21
36 22
36 25
36 33
36 34
36 40
36 41
36 44
36 45
36 46
36 49
36 40
36 41
36 43
37 1
37 6
37 10
37 12
37 16
37 18
37 23
37 25
37 30
37 31
37 34
37 0
37 2
37 5
37 6
37 7
37 9
37 10
37 15
37 16
37 18
37 19
37 34
37 42
37 38
37 46
37 49
38 5
38 8
38 10
38 12
38 19
38 22
38 32
38 35
38 5
38 10
38 11
38 12
38 17
38 18
38 20
38 26
38 28
38 34
38 37
38 42
38 46
38 47
38 40
38 44
38 49
39 8
39 10
39 14
39 18
39 30
39 31
39 0
39 7
39 14
39 16
39 17
39 18
39 19
39 20
39 23
39 24
39 25
39 27
39 32
39 33
39 44
39 48
39 49
39 45
40 0
40 7
40 12
40 19
40 20
40 22
40 23
40 29
40 35
40 36
40 2
40 3
40 5
40 8
40 11
40 12
40 13
40 21
40 23
40 25
40 36
40 38
40 45
40 48
40 49
40 45
40 48
41 8
41 19
41 20
41 22
41 26
41 29
41 36
41 3
41 5
41 6
41 10
41 12
41 16
41 23
41 25
41 27
41 30
41 31
41 35
41 36
41 44
41 48
41 49
41 42
42 2
42 4
42 7
42 9
42 11
42 12
42 14
42 19
42 27
42 28
42 33
42 34
42 35
42 37
42 38
42 1
42 3
42 4
42 5
42 7
42 8
42 11
42 15
42 16
42 17
42 25
42 29
42 31
42 33
42 41
42 44
42 45
42 46
42 49
43 1
43 3
43 5
43 10
43 17
43 18
43 20
43 21
43 29
43 30
43 32
43 33
43 2
43 8
43 9
43 18
43 20
43 23
43 26
43 31
43 32
43 36
43 46
43 47
44 1
44 2
44 5
44 6
44 7
44 11
44 15
44 18
44 21
44 26
44 28
44 31
44 32
44 34
44 36
44 39
44 41
44 42
44 2
44 3
44 4
44 5
44 7
44 11
44 15
44 19
44 21
44 23
44 28
44 30
44 31
44 38
44 49
44 45
44 48
44 49
45 0
45 5
45 21
45 23
45 26
45 28
45 30
45 34
45 36
45 40
45 1
45 4
45 7
45 11
45 12
45 13
45 14
45 17
45 19
45 21
45 29
45 31
45 39
45 40
45 42
45 44
45 48
45 49
45 46
45 48
46 2
46 3
46 5
46 6
46 11
46 13
46 15
46 17
46 20
46 23
46 29
46 31
46 32
46 35
46 36
46 38
46 43
46 0
46 4
46 10
46 11
46 16
46 20
46 24
46 25
46 31
46 32
46 37
46 42
46 45
46 47
47 17
47 24
47 25
47 26
47 27
47 33
47 34
47 38
47 46
47 1
47 2
47 3
47 6
47 7
47 10
47 11
47 18
47 21
47 24
47 27
47 29
47 30
47 32
47 43
47 48
47 49
48 2
48 12
48 13
48 18
48 20
48 27
48 33
48 34
48 39
48 40
48 41
48 45
48 47
48 0
48 2
48 3
48 5
48 6
48 8
48 14
48 19
48 24
48 29
48 30
48 40
48 44
48 45
49 8
49 10
49 11
49 12
49 14
49 20
49 25
49 29
49 33
49 36
49 39
49 40
49 41
49 44
49 45
49 47
49 1
49 2
49 10
49 12
49 15
49 17
49 19
49 22
49 27
49 35
49 37
49 38
49 42
49 44
